{"producer":{"name":"Blender","version":"2.82 (sub 7)","exporter_version":"6.3.1","file":"bear.babylon"},
"autoClear":true,"clearColor":[0.0509,0.0509,0.0509],"gravity":[0,-9.81,0],
"materials":[{"name":"Texture Sheet","id":"Texture Sheet","customType":"BABYLON.PBRMaterial","backFaceCulling":true,"checkReadyOnlyOnce":false,"maxSimultaneousLights":4,"environmentIntensity":1,"reflectivity":[0,0,0],"roughness":1,"alpha":1,"transparencyMode":0,"alphaCutOff":0.4,"metallic":0, 
"albedoTexture":{"name":"Texturesheet.png","level":1,"hasAlpha":true,"coordinatesMode":0,"uOffset":0,"vOffset":0,"uScale":1,"vScale":1,"uAng":0,"vAng":0,"wAng":0,"wrapU":1,"wrapV":1,"coordinatesIndex":0},"useAlphaFromAlbedoTexture":true}],
"multiMaterials":[],
"skeletons":[{"name":"skeleton-bear","id":0,"dimensionsAtRest":[3.7884,6.4476,11.3034],"bones":[
{"name":"Root","index":0,"matrix":[-0.9916,-0.0013,-0.1294,0,0.1294,-0.0096,-0.9915,0,0,1,-0.0097,0,-0.4271,-0.4602,-0.0052,1],"rest":[-0.9916,-0.0013,-0.1294,0,0.1294,-0.0096,-0.9915,0,0,1,-0.0097,0,-0.4271,-0.4602,-0.0052,1],"parentBoneIndex":-1,"length":1.5222
,"animation":{"dataType":3,"framePerSecond":60,"keys":[
{"frame":0,"values":[-0.9916,-0.0013,-0.1294,0,0.1294,-0.0096,-0.9915,0,0,1,-0.0097,0,-0.4271,-0.4602,-0.0052,1]},
{"frame":460,"values":[-0.9916,-0.0013,-0.1294,0,0.1294,-0.0096,-0.9915,0,0,1,-0.0097,0,-0.4271,-0.4602,-0.0052,1]}],"loopBehavior":1,"name":"anim","property":"_matrix"}},
{"name":"bone.back.rear","index":1,"matrix":[0.999,-0.0445,0.0093,0,0.0452,0.9562,-0.2893,0,0.004,0.2894,0.9572,0,-0.4617,-4.0158,6.394,1],"rest":[0.999,-0.0445,0.0093,0,0.0452,0.9562,-0.2893,0,0.004,0.2894,0.9572,0,-0.4618,-4.0158,6.394,1],"parentBoneIndex":0,"length":3.9172
,"animation":{"dataType":3,"framePerSecond":60,"keys":[
{"frame":0,"values":[0.999,-0.0445,0.0093,0,0.0452,0.9562,-0.2893,0,0.004,0.2894,0.9572,0,-0.4617,-4.0158,6.394,1]},
{"frame":301,"values":[0.999,-0.0445,0.0093,0,0.0452,0.9562,-0.2893,0,0.004,0.2894,0.9572,0,-0.4618,-4.0176,6.388,1]},
{"frame":302,"values":[0.999,-0.0445,0.0093,0,0.0452,0.9562,-0.2893,0,0.004,0.2894,0.9572,0,-0.4618,-4.0226,6.3718,1]},
{"frame":303,"values":[0.999,-0.0445,0.0093,0,0.0452,0.9562,-0.2893,0,0.004,0.2894,0.9572,0,-0.4619,-4.0298,6.3478,1]},
{"frame":304,"values":[0.999,-0.0445,0.0093,0,0.0452,0.9562,-0.2893,0,0.004,0.2894,0.9572,0,-0.4621,-4.0386,6.3188,1]},
{"frame":305,"values":[0.999,-0.0445,0.0093,0,0.0452,0.9562,-0.2893,0,0.004,0.2894,0.9572,0,-0.4622,-4.0482,6.2871,1]},
{"frame":306,"values":[0.999,-0.0445,0.0093,0,0.0452,0.9562,-0.2893,0,0.004,0.2894,0.9572,0,-0.4623,-4.0577,6.2555,1]},
{"frame":307,"values":[0.999,-0.0445,0.0093,0,0.0452,0.9562,-0.2893,0,0.004,0.2894,0.9572,0,-0.4624,-4.0665,6.2264,1]},
{"frame":308,"values":[0.999,-0.0445,0.0093,0,0.0452,0.9562,-0.2893,0,0.004,0.2894,0.9572,0,-0.4625,-4.0737,6.2025,1]},
{"frame":309,"values":[0.999,-0.0445,0.0093,0,0.0452,0.9562,-0.2893,0,0.004,0.2894,0.9572,0,-0.4626,-4.0787,6.1862,1]},
{"frame":310,"values":[0.999,-0.0445,0.0093,0,0.0452,0.9562,-0.2893,0,0.004,0.2894,0.9572,0,-0.4626,-4.0805,6.1803,1]},
{"frame":311,"values":[0.999,-0.0445,0.0093,0,0.0452,0.9562,-0.2893,0,0.004,0.2894,0.9572,0,-0.4625,-4.0768,6.1816,1]},
{"frame":312,"values":[0.999,-0.0445,0.0093,0,0.0452,0.9562,-0.2893,0,0.004,0.2894,0.9572,0,-0.4622,-4.0669,6.1856,1]},
{"frame":313,"values":[0.999,-0.0445,0.0093,0,0.0452,0.9562,-0.2893,0,0.004,0.2894,0.9572,0,-0.4617,-4.0521,6.1918,1]},
{"frame":314,"values":[0.999,-0.0445,0.0093,0,0.0452,0.9562,-0.2893,0,0.004,0.2894,0.9572,0,-0.4612,-4.0339,6.1999,1]},
{"frame":315,"values":[0.999,-0.0445,0.0093,0,0.0452,0.9562,-0.2893,0,0.004,0.2894,0.9572,0,-0.4606,-4.0139,6.2097,1]},
{"frame":316,"values":[0.999,-0.0445,0.0093,0,0.0452,0.9562,-0.2893,0,0.004,0.2894,0.9572,0,-0.4599,-3.9935,6.2208,1]},
{"frame":317,"values":[0.999,-0.0445,0.0093,0,0.0452,0.9562,-0.2893,0,0.004,0.2894,0.9572,0,-0.4594,-3.9741,6.2329,1]},
{"frame":318,"values":[0.999,-0.0445,0.0093,0,0.0452,0.9562,-0.2893,0,0.004,0.2894,0.9572,0,-0.4589,-3.9573,6.2458,1]},
{"frame":319,"values":[0.999,-0.0445,0.0093,0,0.0452,0.9562,-0.2893,0,0.004,0.2894,0.9572,0,-0.4585,-3.9445,6.2591,1]},
{"frame":320,"values":[0.999,-0.0445,0.0093,0,0.0452,0.9562,-0.2893,0,0.004,0.2894,0.9572,0,-0.4583,-3.9372,6.2726,1]},
{"frame":321,"values":[0.999,-0.0445,0.0093,0,0.0452,0.9562,-0.2893,0,0.004,0.2894,0.9572,0,-0.4583,-3.9341,6.2856,1]},
{"frame":322,"values":[0.999,-0.0445,0.0093,0,0.0452,0.9562,-0.2893,0,0.004,0.2894,0.9572,0,-0.4583,-3.9329,6.2977,1]},
{"frame":323,"values":[0.999,-0.0445,0.0093,0,0.0452,0.9562,-0.2893,0,0.004,0.2894,0.9572,0,-0.4584,-3.9332,6.3091,1]},
{"frame":324,"values":[0.999,-0.0445,0.0093,0,0.0452,0.9562,-0.2893,0,0.004,0.2894,0.9572,0,-0.4586,-3.935,6.3196,1]},
{"frame":325,"values":[0.999,-0.0445,0.0093,0,0.0452,0.9562,-0.2893,0,0.004,0.2894,0.9572,0,-0.4587,-3.9381,6.3293,1]},
{"frame":326,"values":[0.999,-0.0445,0.0093,0,0.0452,0.9562,-0.2893,0,0.004,0.2894,0.9572,0,-0.4589,-3.9423,6.3383,1]},
{"frame":327,"values":[0.999,-0.0445,0.0093,0,0.0452,0.9562,-0.2893,0,0.004,0.2894,0.9572,0,-0.4591,-3.9474,6.3465,1]},
{"frame":328,"values":[0.999,-0.0445,0.0093,0,0.0452,0.9562,-0.2893,0,0.004,0.2894,0.9572,0,-0.4594,-3.9532,6.354,1]},
{"frame":329,"values":[0.999,-0.0445,0.0093,0,0.0452,0.9562,-0.2893,0,0.004,0.2894,0.9572,0,-0.4596,-3.9596,6.3608,1]},
{"frame":330,"values":[0.999,-0.0445,0.0093,0,0.0452,0.9562,-0.2893,0,0.004,0.2894,0.9572,0,-0.4599,-3.9664,6.3668,1]},
{"frame":331,"values":[0.999,-0.0445,0.0093,0,0.0452,0.9562,-0.2893,0,0.004,0.2894,0.9572,0,-0.4602,-3.9734,6.3723,1]},
{"frame":332,"values":[0.999,-0.0445,0.0093,0,0.0452,0.9562,-0.2893,0,0.004,0.2894,0.9572,0,-0.4604,-3.9804,6.377,1]},
{"frame":333,"values":[0.999,-0.0445,0.0093,0,0.0452,0.9562,-0.2893,0,0.004,0.2894,0.9572,0,-0.4607,-3.9872,6.3812,1]},
{"frame":334,"values":[0.999,-0.0445,0.0093,0,0.0452,0.9562,-0.2893,0,0.004,0.2894,0.9572,0,-0.4609,-3.9937,6.3847,1]},
{"frame":335,"values":[0.999,-0.0445,0.0093,0,0.0452,0.9562,-0.2893,0,0.004,0.2894,0.9572,0,-0.4612,-3.9998,6.3876,1]},
{"frame":336,"values":[0.999,-0.0445,0.0093,0,0.0452,0.9562,-0.2893,0,0.004,0.2894,0.9572,0,-0.4614,-4.0051,6.39,1]},
{"frame":337,"values":[0.999,-0.0445,0.0093,0,0.0452,0.9562,-0.2893,0,0.004,0.2894,0.9572,0,-0.4615,-4.0095,6.3918,1]},
{"frame":338,"values":[0.999,-0.0445,0.0093,0,0.0452,0.9562,-0.2893,0,0.004,0.2894,0.9572,0,-0.4616,-4.0129,6.393,1]},
{"frame":339,"values":[0.999,-0.0445,0.0093,0,0.0452,0.9562,-0.2893,0,0.004,0.2894,0.9572,0,-0.4617,-4.0151,6.3938,1]},
{"frame":340,"values":[0.999,-0.0445,0.0093,0,0.0452,0.9562,-0.2893,0,0.004,0.2894,0.9572,0,-0.4617,-4.0158,6.394,1]},
{"frame":342,"values":[0.999,-0.0445,0.0093,0,0.0452,0.9562,-0.2893,0,0.004,0.2894,0.9572,0,-0.4617,-4.0158,6.3938,1]},
{"frame":343,"values":[0.999,-0.0445,0.0093,0,0.0452,0.9562,-0.2893,0,0.004,0.2894,0.9572,0,-0.4617,-4.0158,6.3933,1]},
{"frame":344,"values":[0.999,-0.0445,0.0093,0,0.0452,0.9562,-0.2893,0,0.004,0.2894,0.9572,0,-0.4617,-4.0158,6.3925,1]},
{"frame":345,"values":[0.999,-0.0445,0.0093,0,0.0452,0.9562,-0.2893,0,0.004,0.2894,0.9572,0,-0.4617,-4.0158,6.3913,1]},
{"frame":346,"values":[0.999,-0.0445,0.0093,0,0.0452,0.9562,-0.2893,0,0.004,0.2894,0.9572,0,-0.4617,-4.0158,6.3899,1]},
{"frame":347,"values":[0.999,-0.0445,0.0093,0,0.0452,0.9562,-0.2893,0,0.004,0.2894,0.9572,0,-0.4617,-4.0158,6.3882,1]},
{"frame":348,"values":[0.999,-0.0445,0.0093,0,0.0452,0.9562,-0.2893,0,0.004,0.2894,0.9572,0,-0.4617,-4.0158,6.3863,1]},
{"frame":349,"values":[0.999,-0.0445,0.0093,0,0.0452,0.9562,-0.2893,0,0.004,0.2894,0.9572,0,-0.4617,-4.0158,6.3841,1]},
{"frame":350,"values":[0.999,-0.0445,0.0093,0,0.0452,0.9562,-0.2893,0,0.004,0.2894,0.9572,0,-0.4617,-4.0158,6.3818,1]},
{"frame":351,"values":[0.999,-0.0445,0.0093,0,0.0452,0.9562,-0.2893,0,0.004,0.2894,0.9572,0,-0.4617,-4.0158,6.3792,1]},
{"frame":352,"values":[0.999,-0.0445,0.0093,0,0.0452,0.9562,-0.2893,0,0.004,0.2894,0.9572,0,-0.4617,-4.0158,6.3765,1]},
{"frame":353,"values":[0.999,-0.0445,0.0093,0,0.0452,0.9562,-0.2893,0,0.004,0.2894,0.9572,0,-0.4617,-4.0158,6.3736,1]},
{"frame":354,"values":[0.999,-0.0445,0.0093,0,0.0452,0.9562,-0.2893,0,0.004,0.2894,0.9572,0,-0.4617,-4.0158,6.3705,1]},
{"frame":355,"values":[0.999,-0.0445,0.0093,0,0.0452,0.9562,-0.2893,0,0.004,0.2894,0.9572,0,-0.4617,-4.0158,6.3674,1]},
{"frame":356,"values":[0.999,-0.0445,0.0093,0,0.0452,0.9562,-0.2893,0,0.004,0.2894,0.9572,0,-0.4617,-4.0158,6.3641,1]},
{"frame":357,"values":[0.999,-0.0445,0.0093,0,0.0452,0.9562,-0.2893,0,0.004,0.2894,0.9572,0,-0.4617,-4.0158,6.3608,1]},
{"frame":358,"values":[0.999,-0.0445,0.0093,0,0.0452,0.9562,-0.2893,0,0.004,0.2894,0.9572,0,-0.4617,-4.0158,6.3574,1]},
{"frame":359,"values":[0.999,-0.0445,0.0093,0,0.0452,0.9562,-0.2893,0,0.004,0.2894,0.9572,0,-0.4617,-4.0158,6.3539,1]},
{"frame":360,"values":[0.999,-0.0445,0.0093,0,0.0452,0.9562,-0.2893,0,0.004,0.2894,0.9572,0,-0.4617,-4.0158,6.3505,1]},
{"frame":361,"values":[0.999,-0.0445,0.0093,0,0.0452,0.9562,-0.2893,0,0.004,0.2894,0.9572,0,-0.4617,-4.0158,6.347,1]},
{"frame":362,"values":[0.999,-0.0445,0.0093,0,0.0452,0.9562,-0.2893,0,0.004,0.2894,0.9572,0,-0.4617,-4.0158,6.3435,1]},
{"frame":363,"values":[0.999,-0.0445,0.0093,0,0.0452,0.9562,-0.2893,0,0.004,0.2894,0.9572,0,-0.4617,-4.0158,6.34,1]},
{"frame":364,"values":[0.999,-0.0445,0.0093,0,0.0452,0.9562,-0.2893,0,0.004,0.2894,0.9572,0,-0.4617,-4.0158,6.3366,1]},
{"frame":365,"values":[0.999,-0.0445,0.0093,0,0.0452,0.9562,-0.2893,0,0.004,0.2894,0.9572,0,-0.4617,-4.0158,6.3333,1]},
{"frame":366,"values":[0.999,-0.0445,0.0093,0,0.0452,0.9562,-0.2893,0,0.004,0.2894,0.9572,0,-0.4617,-4.0158,6.3301,1]},
{"frame":367,"values":[0.999,-0.0445,0.0093,0,0.0452,0.9562,-0.2893,0,0.004,0.2894,0.9572,0,-0.4617,-4.0158,6.3269,1]},
{"frame":368,"values":[0.999,-0.0445,0.0093,0,0.0452,0.9562,-0.2893,0,0.004,0.2894,0.9572,0,-0.4617,-4.0158,6.3239,1]},
{"frame":369,"values":[0.999,-0.0445,0.0093,0,0.0452,0.9562,-0.2893,0,0.004,0.2894,0.9572,0,-0.4617,-4.0158,6.321,1]},
{"frame":370,"values":[0.999,-0.0445,0.0093,0,0.0452,0.9562,-0.2893,0,0.004,0.2894,0.9572,0,-0.4617,-4.0158,6.3182,1]},
{"frame":371,"values":[0.999,-0.0445,0.0093,0,0.0452,0.9562,-0.2893,0,0.004,0.2894,0.9572,0,-0.4617,-4.0158,6.3157,1]},
{"frame":372,"values":[0.999,-0.0445,0.0093,0,0.0452,0.9562,-0.2893,0,0.004,0.2894,0.9572,0,-0.4617,-4.0158,6.3133,1]},
{"frame":373,"values":[0.999,-0.0445,0.0093,0,0.0452,0.9562,-0.2893,0,0.004,0.2894,0.9572,0,-0.4617,-4.0158,6.3111,1]},
{"frame":374,"values":[0.999,-0.0445,0.0093,0,0.0452,0.9562,-0.2893,0,0.004,0.2894,0.9572,0,-0.4617,-4.0158,6.3092,1]},
{"frame":375,"values":[0.999,-0.0445,0.0093,0,0.0452,0.9562,-0.2893,0,0.004,0.2894,0.9572,0,-0.4617,-4.0158,6.3075,1]},
{"frame":376,"values":[0.999,-0.0445,0.0093,0,0.0452,0.9562,-0.2893,0,0.004,0.2894,0.9572,0,-0.4617,-4.0158,6.3061,1]},
{"frame":377,"values":[0.999,-0.0445,0.0093,0,0.0452,0.9562,-0.2893,0,0.004,0.2894,0.9572,0,-0.4617,-4.0158,6.3049,1]},
{"frame":378,"values":[0.999,-0.0445,0.0093,0,0.0452,0.9562,-0.2893,0,0.004,0.2894,0.9572,0,-0.4617,-4.0158,6.3041,1]},
{"frame":379,"values":[0.999,-0.0445,0.0093,0,0.0452,0.9562,-0.2893,0,0.004,0.2894,0.9572,0,-0.4617,-4.0158,6.3036,1]},
{"frame":380,"values":[0.999,-0.0445,0.0093,0,0.0452,0.9562,-0.2893,0,0.004,0.2894,0.9572,0,-0.4617,-4.0158,6.3034,1]},
{"frame":381,"values":[0.999,-0.0445,0.0093,0,0.0452,0.9562,-0.2893,0,0.004,0.2894,0.9572,0,-0.4617,-4.0158,6.3036,1]},
{"frame":382,"values":[0.999,-0.0445,0.0093,0,0.0452,0.9562,-0.2893,0,0.004,0.2894,0.9572,0,-0.4617,-4.0158,6.3041,1]},
{"frame":383,"values":[0.999,-0.0445,0.0093,0,0.0452,0.9562,-0.2893,0,0.004,0.2894,0.9572,0,-0.4617,-4.0158,6.3049,1]},
{"frame":384,"values":[0.999,-0.0445,0.0093,0,0.0452,0.9562,-0.2893,0,0.004,0.2894,0.9572,0,-0.4617,-4.0158,6.306,1]},
{"frame":385,"values":[0.999,-0.0445,0.0093,0,0.0452,0.9562,-0.2893,0,0.004,0.2894,0.9572,0,-0.4617,-4.0158,6.3073,1]},
{"frame":386,"values":[0.999,-0.0445,0.0093,0,0.0452,0.9562,-0.2893,0,0.004,0.2894,0.9572,0,-0.4617,-4.0158,6.3089,1]},
{"frame":387,"values":[0.999,-0.0445,0.0093,0,0.0452,0.9562,-0.2893,0,0.004,0.2894,0.9572,0,-0.4617,-4.0158,6.3108,1]},
{"frame":388,"values":[0.999,-0.0445,0.0093,0,0.0452,0.9562,-0.2893,0,0.004,0.2894,0.9572,0,-0.4617,-4.0158,6.3128,1]},
{"frame":389,"values":[0.999,-0.0445,0.0093,0,0.0452,0.9562,-0.2893,0,0.004,0.2894,0.9572,0,-0.4617,-4.0158,6.3151,1]},
{"frame":390,"values":[0.999,-0.0445,0.0093,0,0.0452,0.9562,-0.2893,0,0.004,0.2894,0.9572,0,-0.4617,-4.0158,6.3176,1]},
{"frame":391,"values":[0.999,-0.0445,0.0093,0,0.0452,0.9562,-0.2893,0,0.004,0.2894,0.9572,0,-0.4617,-4.0158,6.3202,1]},
{"frame":392,"values":[0.999,-0.0445,0.0093,0,0.0452,0.9562,-0.2893,0,0.004,0.2894,0.9572,0,-0.4617,-4.0158,6.323,1]},
{"frame":393,"values":[0.999,-0.0445,0.0093,0,0.0452,0.9562,-0.2893,0,0.004,0.2894,0.9572,0,-0.4617,-4.0158,6.3259,1]},
{"frame":394,"values":[0.999,-0.0445,0.0093,0,0.0452,0.9562,-0.2893,0,0.004,0.2894,0.9572,0,-0.4617,-4.0158,6.3289,1]},
{"frame":395,"values":[0.999,-0.0445,0.0093,0,0.0452,0.9562,-0.2893,0,0.004,0.2894,0.9572,0,-0.4617,-4.0158,6.3321,1]},
{"frame":396,"values":[0.999,-0.0445,0.0093,0,0.0452,0.9562,-0.2893,0,0.004,0.2894,0.9572,0,-0.4617,-4.0158,6.3353,1]},
{"frame":397,"values":[0.999,-0.0445,0.0093,0,0.0452,0.9562,-0.2893,0,0.004,0.2894,0.9572,0,-0.4617,-4.0158,6.3386,1]},
{"frame":398,"values":[0.999,-0.0445,0.0093,0,0.0452,0.9562,-0.2893,0,0.004,0.2894,0.9572,0,-0.4617,-4.0158,6.3419,1]},
{"frame":399,"values":[0.999,-0.0445,0.0093,0,0.0452,0.9562,-0.2893,0,0.004,0.2894,0.9572,0,-0.4617,-4.0158,6.3453,1]},
{"frame":400,"values":[0.999,-0.0445,0.0093,0,0.0452,0.9562,-0.2893,0,0.004,0.2894,0.9572,0,-0.4617,-4.0158,6.3487,1]},
{"frame":401,"values":[0.999,-0.0445,0.0093,0,0.0452,0.9562,-0.2893,0,0.004,0.2894,0.9572,0,-0.4617,-4.0158,6.3521,1]},
{"frame":402,"values":[0.999,-0.0445,0.0093,0,0.0452,0.9562,-0.2893,0,0.004,0.2894,0.9572,0,-0.4617,-4.0158,6.3555,1]},
{"frame":403,"values":[0.999,-0.0445,0.0093,0,0.0452,0.9562,-0.2893,0,0.004,0.2894,0.9572,0,-0.4617,-4.0158,6.3588,1]},
{"frame":404,"values":[0.999,-0.0445,0.0093,0,0.0452,0.9562,-0.2893,0,0.004,0.2894,0.9572,0,-0.4617,-4.0158,6.3621,1]},
{"frame":405,"values":[0.999,-0.0445,0.0093,0,0.0452,0.9562,-0.2893,0,0.004,0.2894,0.9572,0,-0.4617,-4.0158,6.3653,1]},
{"frame":406,"values":[0.999,-0.0445,0.0093,0,0.0452,0.9562,-0.2893,0,0.004,0.2894,0.9572,0,-0.4617,-4.0158,6.3685,1]},
{"frame":407,"values":[0.999,-0.0445,0.0093,0,0.0452,0.9562,-0.2893,0,0.004,0.2894,0.9572,0,-0.4617,-4.0158,6.3715,1]},
{"frame":408,"values":[0.999,-0.0445,0.0093,0,0.0452,0.9562,-0.2893,0,0.004,0.2894,0.9572,0,-0.4617,-4.0158,6.3744,1]},
{"frame":409,"values":[0.999,-0.0445,0.0093,0,0.0452,0.9562,-0.2893,0,0.004,0.2894,0.9572,0,-0.4617,-4.0158,6.3772,1]},
{"frame":410,"values":[0.999,-0.0445,0.0093,0,0.0452,0.9562,-0.2893,0,0.004,0.2894,0.9572,0,-0.4617,-4.0158,6.3799,1]},
{"frame":411,"values":[0.999,-0.0445,0.0093,0,0.0452,0.9562,-0.2893,0,0.004,0.2894,0.9572,0,-0.4617,-4.0158,6.3823,1]},
{"frame":412,"values":[0.999,-0.0445,0.0093,0,0.0452,0.9562,-0.2893,0,0.004,0.2894,0.9572,0,-0.4617,-4.0158,6.3846,1]},
{"frame":413,"values":[0.999,-0.0445,0.0093,0,0.0452,0.9562,-0.2893,0,0.004,0.2894,0.9572,0,-0.4617,-4.0158,6.3867,1]},
{"frame":414,"values":[0.999,-0.0445,0.0093,0,0.0452,0.9562,-0.2893,0,0.004,0.2894,0.9572,0,-0.4617,-4.0158,6.3885,1]},
{"frame":415,"values":[0.999,-0.0445,0.0093,0,0.0452,0.9562,-0.2893,0,0.004,0.2894,0.9572,0,-0.4617,-4.0158,6.3901,1]},
{"frame":416,"values":[0.999,-0.0445,0.0093,0,0.0452,0.9562,-0.2893,0,0.004,0.2894,0.9572,0,-0.4617,-4.0158,6.3915,1]},
{"frame":417,"values":[0.999,-0.0445,0.0093,0,0.0452,0.9562,-0.2893,0,0.004,0.2894,0.9572,0,-0.4617,-4.0158,6.3926,1]},
{"frame":418,"values":[0.999,-0.0445,0.0093,0,0.0452,0.9562,-0.2893,0,0.004,0.2894,0.9572,0,-0.4617,-4.0158,6.3933,1]},
{"frame":419,"values":[0.999,-0.0445,0.0093,0,0.0452,0.9562,-0.2893,0,0.004,0.2894,0.9572,0,-0.4617,-4.0158,6.3938,1]},
{"frame":420,"values":[0.999,-0.0445,0.0093,0,0.0452,0.9562,-0.2893,0,0.004,0.2894,0.9572,0,-0.4617,-4.0158,6.394,1]},
{"frame":421,"values":[0.999,-0.0445,0.0093,0,0.0452,0.9562,-0.2893,0,0.004,0.2894,0.9572,0,-0.4617,-4.0158,6.3016,1]},
{"frame":422,"values":[0.999,-0.0445,0.0093,0,0.0452,0.9562,-0.2893,0,0.004,0.2894,0.9572,0,-0.4617,-4.0158,6.2551,1]},
{"frame":423,"values":[0.999,-0.0445,0.0093,0,0.0452,0.9562,-0.2893,0,0.004,0.2894,0.9572,0,-0.4617,-4.0158,6.2189,1]},
{"frame":424,"values":[0.999,-0.0445,0.0093,0,0.0452,0.9562,-0.2893,0,0.004,0.2894,0.9572,0,-0.4617,-4.0158,6.1917,1]},
{"frame":425,"values":[0.999,-0.0445,0.0093,0,0.0452,0.9562,-0.2893,0,0.004,0.2894,0.9572,0,-0.4617,-4.0158,6.1722,1]},
{"frame":426,"values":[0.999,-0.0445,0.0093,0,0.0452,0.9562,-0.2893,0,0.004,0.2894,0.9572,0,-0.4617,-4.0158,6.1592,1]},
{"frame":427,"values":[0.999,-0.0445,0.0093,0,0.0452,0.9562,-0.2893,0,0.004,0.2894,0.9572,0,-0.4617,-4.0158,6.1512,1]},
{"frame":428,"values":[0.999,-0.0445,0.0093,0,0.0452,0.9562,-0.2893,0,0.004,0.2894,0.9572,0,-0.4617,-4.0158,6.1472,1]},
{"frame":429,"values":[0.999,-0.0445,0.0093,0,0.0452,0.9562,-0.2893,0,0.004,0.2894,0.9572,0,-0.4617,-4.0158,6.1457,1]},
{"frame":430,"values":[0.999,-0.0445,0.0093,0,0.0452,0.9562,-0.2893,0,0.004,0.2894,0.9572,0,-0.4617,-4.0158,6.1455,1]},
{"frame":431,"values":[0.999,-0.0445,0.0093,0,0.0452,0.9562,-0.2893,0,0.004,0.2894,0.9572,0,-0.4617,-4.0158,6.1466,1]},
{"frame":432,"values":[0.999,-0.0445,0.0093,0,0.0452,0.9562,-0.2893,0,0.004,0.2894,0.9572,0,-0.4617,-4.0158,6.1498,1]},
{"frame":433,"values":[0.999,-0.0445,0.0093,0,0.0452,0.9562,-0.2893,0,0.004,0.2894,0.9572,0,-0.4617,-4.0158,6.1549,1]},
{"frame":434,"values":[0.999,-0.0445,0.0093,0,0.0452,0.9562,-0.2893,0,0.004,0.2894,0.9572,0,-0.4617,-4.0158,6.1617,1]},
{"frame":435,"values":[0.999,-0.0445,0.0093,0,0.0452,0.9562,-0.2893,0,0.004,0.2894,0.9572,0,-0.4617,-4.0158,6.1698,1]},
{"frame":436,"values":[0.999,-0.0445,0.0093,0,0.0452,0.9562,-0.2893,0,0.004,0.2894,0.9572,0,-0.4617,-4.0158,6.1792,1]},
{"frame":437,"values":[0.999,-0.0445,0.0093,0,0.0452,0.9562,-0.2893,0,0.004,0.2894,0.9572,0,-0.4617,-4.0158,6.1894,1]},
{"frame":438,"values":[0.999,-0.0445,0.0093,0,0.0452,0.9562,-0.2893,0,0.004,0.2894,0.9572,0,-0.4617,-4.0158,6.2004,1]},
{"frame":439,"values":[0.999,-0.0445,0.0093,0,0.0452,0.9562,-0.2893,0,0.004,0.2894,0.9572,0,-0.4617,-4.0158,6.2118,1]},
{"frame":440,"values":[0.999,-0.0445,0.0093,0,0.0452,0.9562,-0.2893,0,0.004,0.2894,0.9572,0,-0.4617,-4.0158,6.2235,1]},
{"frame":441,"values":[0.999,-0.0445,0.0093,0,0.0452,0.9562,-0.2893,0,0.004,0.2894,0.9572,0,-0.4617,-4.0158,6.2352,1]},
{"frame":442,"values":[0.999,-0.0445,0.0093,0,0.0452,0.9562,-0.2893,0,0.004,0.2894,0.9572,0,-0.4617,-4.0158,6.2466,1]},
{"frame":443,"values":[0.999,-0.0445,0.0093,0,0.0452,0.9562,-0.2893,0,0.004,0.2894,0.9572,0,-0.4617,-4.0158,6.2576,1]},
{"frame":444,"values":[0.999,-0.0445,0.0093,0,0.0452,0.9562,-0.2893,0,0.004,0.2894,0.9572,0,-0.4617,-4.0158,6.2678,1]},
{"frame":445,"values":[0.999,-0.0445,0.0093,0,0.0452,0.9562,-0.2893,0,0.004,0.2894,0.9572,0,-0.4617,-4.0158,6.2772,1]},
{"frame":446,"values":[0.999,-0.0445,0.0093,0,0.0452,0.9562,-0.2893,0,0.004,0.2894,0.9572,0,-0.4617,-4.0158,6.2853,1]},
{"frame":447,"values":[0.999,-0.0445,0.0093,0,0.0452,0.9562,-0.2893,0,0.004,0.2894,0.9572,0,-0.4617,-4.0158,6.2921,1]},
{"frame":448,"values":[0.999,-0.0445,0.0093,0,0.0452,0.9562,-0.2893,0,0.004,0.2894,0.9572,0,-0.4617,-4.0158,6.2972,1]},
{"frame":449,"values":[0.999,-0.0445,0.0093,0,0.0452,0.9562,-0.2893,0,0.004,0.2894,0.9572,0,-0.4617,-4.0158,6.3004,1]},
{"frame":450,"values":[0.999,-0.0445,0.0093,0,0.0452,0.9562,-0.2893,0,0.004,0.2894,0.9572,0,-0.4617,-4.0158,6.3016,1]},
{"frame":460,"values":[0.999,-0.0445,0.0093,0,0.0452,0.9562,-0.2893,0,0.004,0.2894,0.9572,0,-0.4617,-4.0158,6.3016,1]}],"loopBehavior":1,"name":"anim","property":"_matrix"}},
{"name":"bone.back.mid","index":2,"matrix":[0.9999,-0.0014,-0.0151,0,0.0078,0.9,0.4359,0,0.013,-0.436,0.8999,0,0,3.9172,0,1],"rest":[0.9999,-0.0014,-0.0151,0,0.0078,0.9,0.4359,0,0.013,-0.436,0.8999,0,0,3.9172,0,1],"parentBoneIndex":1,"length":4.3836
,"animation":{"dataType":3,"framePerSecond":60,"keys":[
{"frame":0,"values":[0.9999,-0.0014,-0.0151,0,0.0078,0.9,0.4359,0,0.013,-0.436,0.8999,0,0,3.9172,0,1]},
{"frame":311,"values":[0.9998,0.0008,-0.0223,0,0.009,0.9,0.4358,0,0.0205,-0.4358,0.8998,0,0,3.9172,0,1]},
{"frame":312,"values":[0.9992,0.006,-0.0396,0,0.0118,0.9002,0.4354,0,0.0383,-0.4355,0.8994,0,0,3.9172,0,1]},
{"frame":313,"values":[0.9981,0.0123,-0.0602,0,0.0152,0.9003,0.4349,0,0.0596,-0.435,0.8985,0,0,3.9172,0,1]},
{"frame":314,"values":[0.9968,0.0175,-0.0775,0,0.018,0.9005,0.4345,0,0.0773,-0.4345,0.8974,0,0,3.9172,0,1]},
{"frame":315,"values":[0.9962,0.0196,-0.0847,0,0.0192,0.9006,0.4343,0,0.0848,-0.4342,0.8968,0,0,3.9172,0,1]},
{"frame":316,"values":[0.9962,0.0195,-0.0844,0,0.0192,0.9006,0.4343,0,0.0845,-0.4342,0.8968,0,0,3.9172,0,1]},
{"frame":317,"values":[0.9963,0.0191,-0.0835,0,0.0192,0.9006,0.4343,0,0.0835,-0.4343,0.8969,0,0,3.9172,0,1]},
{"frame":318,"values":[0.9965,0.0184,-0.0821,0,0.0192,0.9006,0.4343,0,0.082,-0.4343,0.897,0,0,3.9172,0,1]},
{"frame":319,"values":[0.9966,0.0175,-0.0803,0,0.0191,0.9006,0.4343,0,0.0799,-0.4344,0.8972,0,0,3.9172,0,1]},
{"frame":320,"values":[0.9968,0.0165,-0.078,0,0.0191,0.9006,0.4343,0,0.0774,-0.4344,0.8974,0,0,3.9172,0,1]},
{"frame":321,"values":[0.997,0.0152,-0.0753,0,0.019,0.9006,0.4343,0,0.0744,-0.4345,0.8976,0,0,3.9172,0,1]},
{"frame":322,"values":[0.9973,0.0139,-0.0722,0,0.0189,0.9005,0.4344,0,0.0711,-0.4346,0.8978,0,0,3.9172,0,1]},
{"frame":323,"values":[0.9975,0.0124,-0.0689,0,0.0188,0.9005,0.4344,0,0.0675,-0.4346,0.8981,0,0,3.9172,0,1]},
{"frame":324,"values":[0.9978,0.0109,-0.0654,0,0.0187,0.9005,0.4344,0,0.0636,-0.4347,0.8983,0,0,3.9172,0,1]},
{"frame":325,"values":[0.9981,0.0093,-0.0617,0,0.0185,0.9005,0.4345,0,0.0596,-0.4348,0.8986,0,0,3.9172,0,1]},
{"frame":326,"values":[0.9983,0.0077,-0.0578,0,0.0182,0.9005,0.4345,0,0.0554,-0.4348,0.8988,0,0,3.9172,0,1]},
{"frame":327,"values":[0.9985,0.0061,-0.0538,0,0.0179,0.9004,0.4346,0,0.0511,-0.4349,0.899,0,0,3.9172,0,1]},
{"frame":328,"values":[0.9988,0.0045,-0.0498,0,0.0176,0.9004,0.4347,0,0.0468,-0.435,0.8992,0,0,3.9172,0,1]},
{"frame":329,"values":[0.9989,0.003,-0.0457,0,0.0172,0.9004,0.4347,0,0.0425,-0.4351,0.8994,0,0,3.9172,0,1]},
{"frame":330,"values":[0.9991,0.0016,-0.0418,0,0.0167,0.9004,0.4348,0,0.0383,-0.4351,0.8996,0,0,3.9172,0,1]},
{"frame":331,"values":[0.9993,0.0003,-0.0379,0,0.0162,0.9003,0.4349,0,0.0342,-0.4352,0.8997,0,0,3.9172,0,1]},
{"frame":332,"values":[0.9994,-0.0009,-0.0341,0,0.0156,0.9003,0.435,0,0.0304,-0.4352,0.8998,0,0,3.9172,0,1]},
{"frame":333,"values":[0.9995,-0.0018,-0.0306,0,0.015,0.9003,0.4351,0,0.0267,-0.4353,0.8999,0,0,3.9172,0,1]},
{"frame":334,"values":[0.9996,-0.0026,-0.0273,0,0.0142,0.9002,0.4352,0,0.0234,-0.4354,0.8999,0,0,3.9172,0,1]},
{"frame":335,"values":[0.9997,-0.0031,-0.0242,0,0.0134,0.9002,0.4353,0,0.0205,-0.4355,0.9,0,0,3.9172,0,1]},
{"frame":336,"values":[0.9998,-0.0034,-0.0216,0,0.0125,0.9002,0.4354,0,0.0179,-0.4355,0.9,0,0,3.9172,0,1]},
{"frame":337,"values":[0.9998,-0.0034,-0.0192,0,0.0114,0.9001,0.4355,0,0.0158,-0.4356,0.9,0,0,3.9172,0,1]},
{"frame":338,"values":[0.9998,-0.0031,-0.0174,0,0.0103,0.9001,0.4356,0,0.0143,-0.4357,0.9,0,0,3.9172,0,1]},
{"frame":339,"values":[0.9999,-0.0024,-0.016,0,0.0091,0.9,0.4357,0,0.0133,-0.4358,0.8999,0,0,3.9172,0,1]},
{"frame":340,"values":[0.9999,-0.0014,-0.0151,0,0.0078,0.9,0.4359,0,0.013,-0.436,0.8999,0,0,3.9172,0,1]},
{"frame":341,"values":[0.999,0.016,-0.041,0,0.0035,0.8998,0.4363,0,0.0439,-0.436,0.8989,0,0,3.9172,0,1]},
{"frame":342,"values":[0.999,0.0159,-0.041,0,0.0036,0.8998,0.4363,0,0.0439,-0.436,0.8989,0,0,3.9172,0,1]},
{"frame":343,"values":[0.999,0.0158,-0.0411,0,0.0037,0.8998,0.4363,0,0.0439,-0.436,0.8989,0,0,3.9172,0,1]},
{"frame":344,"values":[0.999,0.0156,-0.0412,0,0.004,0.8998,0.4363,0,0.0438,-0.4361,0.8988,0,0,3.9172,0,1]},
{"frame":345,"values":[0.999,0.0153,-0.0412,0,0.0043,0.8998,0.4364,0,0.0438,-0.4361,0.8988,0,0,3.9172,0,1]},
{"frame":346,"values":[0.999,0.0149,-0.0414,0,0.0047,0.8998,0.4364,0,0.0437,-0.4361,0.8988,0,0,3.9172,0,1]},
{"frame":347,"values":[0.999,0.0144,-0.0415,0,0.0051,0.8997,0.4364,0,0.0436,-0.4362,0.8988,0,0,3.9172,0,1]},
{"frame":348,"values":[0.999,0.0139,-0.0417,0,0.0057,0.8997,0.4364,0,0.0435,-0.4362,0.8988,0,0,3.9172,0,1]},
{"frame":349,"values":[0.999,0.0133,-0.0418,0,0.0063,0.8997,0.4364,0,0.0434,-0.4362,0.8988,0,0,3.9172,0,1]},
{"frame":350,"values":[0.999,0.0127,-0.042,0,0.0069,0.8997,0.4364,0,0.0433,-0.4363,0.8988,0,0,3.9172,0,1]},
{"frame":351,"values":[0.999,0.012,-0.0422,0,0.0077,0.8997,0.4364,0,0.0432,-0.4363,0.8988,0,0,3.9172,0,1]},
{"frame":352,"values":[0.999,0.0112,-0.0425,0,0.0084,0.8997,0.4364,0,0.0431,-0.4363,0.8987,0,0,3.9172,0,1]},
{"frame":353,"values":[0.999,0.0105,-0.0427,0,0.0092,0.8997,0.4364,0,0.043,-0.4364,0.8987,0,0,3.9172,0,1]},
{"frame":354,"values":[0.999,0.0097,-0.0429,0,0.0101,0.8997,0.4364,0,0.0428,-0.4364,0.8987,0,0,3.9172,0,1]},
{"frame":355,"values":[0.999,0.0088,-0.0432,0,0.0109,0.8997,0.4364,0,0.0427,-0.4364,0.8987,0,0,3.9172,0,1]},
{"frame":356,"values":[0.999,0.0079,-0.0435,0,0.0118,0.8997,0.4364,0,0.0426,-0.4365,0.8987,0,0,3.9172,0,1]},
{"frame":357,"values":[0.999,0.007,-0.0437,0,0.0128,0.8997,0.4363,0,0.0424,-0.4365,0.8987,0,0,3.9172,0,1]},
{"frame":358,"values":[0.999,0.0061,-0.044,0,0.0137,0.8997,0.4363,0,0.0423,-0.4365,0.8987,0,0,3.9172,0,1]},
{"frame":359,"values":[0.999,0.0052,-0.0443,0,0.0147,0.8997,0.4363,0,0.0421,-0.4365,0.8987,0,0,3.9172,0,1]},
{"frame":360,"values":[0.999,0.0043,-0.0446,0,0.0156,0.8997,0.4363,0,0.042,-0.4366,0.8987,0,0,3.9172,0,1]},
{"frame":361,"values":[0.999,0.0033,-0.0449,0,0.0166,0.8997,0.4363,0,0.0418,-0.4366,0.8987,0,0,3.9172,0,1]},
{"frame":362,"values":[0.999,0.0024,-0.0451,0,0.0176,0.8997,0.4362,0,0.0416,-0.4366,0.8987,0,0,3.9172,0,1]},
{"frame":363,"values":[0.999,0.0015,-0.0454,0,0.0185,0.8996,0.4362,0,0.0415,-0.4366,0.8987,0,0,3.9172,0,1]},
{"frame":364,"values":[0.999,0.0005,-0.0457,0,0.0195,0.8996,0.4362,0,0.0413,-0.4366,0.8987,0,0,3.9172,0,1]},
{"frame":365,"values":[0.9989,-0.0004,-0.046,0,0.0204,0.8996,0.4362,0,0.0412,-0.4367,0.8987,0,0,3.9172,0,1]},
{"frame":366,"values":[0.9989,-0.0012,-0.0462,0,0.0213,0.8996,0.4362,0,0.0411,-0.4367,0.8987,0,0,3.9172,0,1]},
{"frame":367,"values":[0.9989,-0.0021,-0.0465,0,0.0222,0.8996,0.4361,0,0.0409,-0.4367,0.8987,0,0,3.9172,0,1]},
{"frame":368,"values":[0.9989,-0.0029,-0.0467,0,0.023,0.8996,0.4361,0,0.0408,-0.4367,0.8987,0,0,3.9172,0,1]},
{"frame":369,"values":[0.9989,-0.0037,-0.047,0,0.0238,0.8996,0.4361,0,0.0407,-0.4367,0.8987,0,0,3.9172,0,1]},
{"frame":370,"values":[0.9989,-0.0044,-0.0472,0,0.0246,0.8996,0.4361,0,0.0405,-0.4367,0.8987,0,0,3.9172,0,1]},
{"frame":371,"values":[0.9989,-0.0051,-0.0474,0,0.0253,0.8996,0.436,0,0.0404,-0.4367,0.8987,0,0,3.9172,0,1]},
{"frame":372,"values":[0.9989,-0.0057,-0.0476,0,0.0259,0.8996,0.436,0,0.0403,-0.4367,0.8987,0,0,3.9172,0,1]},
{"frame":373,"values":[0.9988,-0.0063,-0.0478,0,0.0265,0.8996,0.436,0,0.0402,-0.4368,0.8987,0,0,3.9172,0,1]},
{"frame":374,"values":[0.9988,-0.0068,-0.0479,0,0.0271,0.8995,0.436,0,0.0401,-0.4368,0.8987,0,0,3.9172,0,1]},
{"frame":375,"values":[0.9988,-0.0073,-0.0481,0,0.0276,0.8995,0.436,0,0.0401,-0.4368,0.8987,0,0,3.9172,0,1]},
{"frame":376,"values":[0.9988,-0.0077,-0.0482,0,0.0279,0.8995,0.4359,0,0.04,-0.4368,0.8987,0,0,3.9172,0,1]},
{"frame":377,"values":[0.9988,-0.008,-0.0483,0,0.0283,0.8995,0.4359,0,0.0399,-0.4368,0.8987,0,0,3.9172,0,1]},
{"frame":378,"values":[0.9988,-0.0082,-0.0483,0,0.0285,0.8995,0.4359,0,0.0399,-0.4368,0.8987,0,0,3.9172,0,1]},
{"frame":379,"values":[0.9988,-0.0084,-0.0484,0,0.0286,0.8995,0.4359,0,0.0399,-0.4368,0.8987,0,0,3.9172,0,1]},
{"frame":380,"values":[0.9988,-0.0084,-0.0484,0,0.0287,0.8995,0.4359,0,0.0399,-0.4368,0.8987,0,0,3.9172,0,1]},
{"frame":381,"values":[0.9988,-0.0084,-0.0484,0,0.0286,0.8995,0.4359,0,0.0399,-0.4368,0.8987,0,0,3.9172,0,1]},
{"frame":382,"values":[0.9988,-0.0082,-0.0483,0,0.0285,0.8995,0.4359,0,0.0399,-0.4368,0.8987,0,0,3.9172,0,1]},
{"frame":383,"values":[0.9988,-0.008,-0.0483,0,0.0283,0.8995,0.4359,0,0.0399,-0.4368,0.8987,0,0,3.9172,0,1]},
{"frame":384,"values":[0.9988,-0.0077,-0.0482,0,0.028,0.8995,0.4359,0,0.04,-0.4368,0.8987,0,0,3.9172,0,1]},
{"frame":385,"values":[0.9988,-0.0074,-0.0481,0,0.0276,0.8995,0.436,0,0.04,-0.4368,0.8987,0,0,3.9172,0,1]},
{"frame":386,"values":[0.9988,-0.0069,-0.0479,0,0.0272,0.8995,0.436,0,0.0401,-0.4368,0.8987,0,0,3.9172,0,1]},
{"frame":387,"values":[0.9988,-0.0064,-0.0478,0,0.0266,0.8996,0.436,0,0.0402,-0.4368,0.8987,0,0,3.9172,0,1]},
{"frame":388,"values":[0.9988,-0.0059,-0.0476,0,0.0261,0.8996,0.436,0,0.0403,-0.4367,0.8987,0,0,3.9172,0,1]},
{"frame":389,"values":[0.9989,-0.0053,-0.0474,0,0.0254,0.8996,0.436,0,0.0404,-0.4367,0.8987,0,0,3.9172,0,1]},
{"frame":390,"values":[0.9989,-0.0046,-0.0472,0,0.0248,0.8996,0.4361,0,0.0405,-0.4367,0.8987,0,0,3.9172,0,1]},
{"frame":391,"values":[0.9989,-0.0039,-0.047,0,0.024,0.8996,0.4361,0,0.0406,-0.4367,0.8987,0,0,3.9172,0,1]},
{"frame":392,"values":[0.9989,-0.0031,-0.0468,0,0.0233,0.8996,0.4361,0,0.0407,-0.4367,0.8987,0,0,3.9172,0,1]},
{"frame":393,"values":[0.9989,-0.0023,-0.0466,0,0.0224,0.8996,0.4361,0,0.0409,-0.4367,0.8987,0,0,3.9172,0,1]},
{"frame":394,"values":[0.9989,-0.0015,-0.0463,0,0.0216,0.8996,0.4361,0,0.041,-0.4367,0.8987,0,0,3.9172,0,1]},
{"frame":395,"values":[0.9989,-0.0007,-0.0461,0,0.0207,0.8996,0.4362,0,0.0411,-0.4367,0.8987,0,0,3.9172,0,1]},
{"frame":396,"values":[0.999,0.0002,-0.0458,0,0.0198,0.8996,0.4362,0,0.0413,-0.4366,0.8987,0,0,3.9172,0,1]},
{"frame":397,"values":[0.999,0.0011,-0.0455,0,0.0189,0.8996,0.4362,0,0.0414,-0.4366,0.8987,0,0,3.9172,0,1]},
{"frame":398,"values":[0.999,0.002,-0.0453,0,0.018,0.8997,0.4362,0,0.0416,-0.4366,0.8987,0,0,3.9172,0,1]},
{"frame":399,"values":[0.999,0.0029,-0.045,0,0.0171,0.8997,0.4363,0,0.0417,-0.4366,0.8987,0,0,3.9172,0,1]},
{"frame":400,"values":[0.999,0.0038,-0.0447,0,0.0161,0.8997,0.4363,0,0.0419,-0.4366,0.8987,0,0,3.9172,0,1]},
{"frame":401,"values":[0.999,0.0047,-0.0444,0,0.0152,0.8997,0.4363,0,0.042,-0.4365,0.8987,0,0,3.9172,0,1]},
{"frame":402,"values":[0.999,0.0056,-0.0442,0,0.0142,0.8997,0.4363,0,0.0422,-0.4365,0.8987,0,0,3.9172,0,1]},
{"frame":403,"values":[0.999,0.0065,-0.0439,0,0.0133,0.8997,0.4363,0,0.0423,-0.4365,0.8987,0,0,3.9172,0,1]},
{"frame":404,"values":[0.999,0.0074,-0.0436,0,0.0124,0.8997,0.4364,0,0.0425,-0.4365,0.8987,0,0,3.9172,0,1]},
{"frame":405,"values":[0.999,0.0083,-0.0434,0,0.0115,0.8997,0.4364,0,0.0426,-0.4364,0.8987,0,0,3.9172,0,1]},
{"frame":406,"values":[0.999,0.0091,-0.0431,0,0.0106,0.8997,0.4364,0,0.0428,-0.4364,0.8987,0,0,3.9172,0,1]},
{"frame":407,"values":[0.999,0.0099,-0.0429,0,0.0098,0.8997,0.4364,0,0.0429,-0.4364,0.8987,0,0,3.9172,0,1]},
{"frame":408,"values":[0.999,0.0107,-0.0426,0,0.009,0.8997,0.4364,0,0.043,-0.4364,0.8987,0,0,3.9172,0,1]},
{"frame":409,"values":[0.999,0.0115,-0.0424,0,0.0082,0.8997,0.4364,0,0.0431,-0.4363,0.8988,0,0,3.9172,0,1]},
{"frame":410,"values":[0.999,0.0122,-0.0422,0,0.0075,0.8997,0.4364,0,0.0433,-0.4363,0.8988,0,0,3.9172,0,1]},
{"frame":411,"values":[0.999,0.0128,-0.042,0,0.0068,0.8997,0.4364,0,0.0434,-0.4363,0.8988,0,0,3.9172,0,1]},
{"frame":412,"values":[0.999,0.0134,-0.0418,0,0.0062,0.8997,0.4364,0,0.0435,-0.4362,0.8988,0,0,3.9172,0,1]},
{"frame":413,"values":[0.999,0.014,-0.0416,0,0.0056,0.8997,0.4364,0,0.0436,-0.4362,0.8988,0,0,3.9172,0,1]},
{"frame":414,"values":[0.999,0.0145,-0.0415,0,0.0051,0.8997,0.4364,0,0.0436,-0.4362,0.8988,0,0,3.9172,0,1]},
{"frame":415,"values":[0.999,0.0149,-0.0413,0,0.0046,0.8998,0.4364,0,0.0437,-0.4361,0.8988,0,0,3.9172,0,1]},
{"frame":416,"values":[0.999,0.0153,-0.0412,0,0.0042,0.8998,0.4364,0,0.0438,-0.4361,0.8988,0,0,3.9172,0,1]},
{"frame":417,"values":[0.999,0.0156,-0.0412,0,0.0039,0.8998,0.4363,0,0.0438,-0.4361,0.8988,0,0,3.9172,0,1]},
{"frame":418,"values":[0.999,0.0158,-0.0411,0,0.0037,0.8998,0.4363,0,0.0439,-0.436,0.8989,0,0,3.9172,0,1]},
{"frame":419,"values":[0.999,0.0159,-0.041,0,0.0036,0.8998,0.4363,0,0.0439,-0.436,0.8989,0,0,3.9172,0,1]},
{"frame":420,"values":[0.999,0.016,-0.041,0,0.0035,0.8998,0.4363,0,0.0439,-0.436,0.8989,0,0,3.9172,0,1]},
{"frame":421,"values":[0.9999,-0.0014,-0.0151,0,0.0078,0.9,0.4359,0,0.013,-0.436,0.8999,0,0,3.9172,0,1]},
{"frame":460,"values":[0.9999,-0.0014,-0.0151,0,0.0078,0.9,0.4359,0,0.013,-0.436,0.8999,0,0,3.9172,0,1]}],"loopBehavior":1,"name":"anim","property":"_matrix"}},
{"name":"bone.leg.front.l","index":3,"matrix":[0.0032,0.8986,-0.4388,0,-0.039,-0.4383,-0.898,0,-0.9992,0.02,0.0336,0,-1.4418,1.9585,-2.2297,1],"rest":[-0.0532,0.905,-0.4221,0,-0.0104,-0.4232,-0.906,0,-0.9985,-0.0438,0.0319,0,-1.4418,1.9585,-2.2297,1],"parentBoneIndex":2,"length":1.6335
,"animation":{"dataType":3,"framePerSecond":60,"keys":[
{"frame":0,"values":[0.0032,0.8986,-0.4388,0,-0.039,-0.4383,-0.898,0,-0.9992,0.02,0.0336,0,-1.4418,1.9585,-2.2297,1]},
{"frame":301,"values":[-0.0128,0.8952,-0.4454,0,-0.0383,-0.4456,-0.8944,0,-0.9992,0.0056,0.04,0,-1.4418,1.9585,-2.2297,1]},
{"frame":302,"values":[-0.0556,0.8886,-0.4554,0,-0.0335,-0.4575,-0.8886,0,-0.9979,-0.0341,0.0552,0,-1.4418,1.9585,-2.2297,1]},
{"frame":303,"values":[-0.1156,0.8837,-0.4536,0,-0.021,-0.4587,-0.8883,0,-0.9931,-0.0931,0.0715,0,-1.4418,1.9585,-2.2297,1]},
{"frame":304,"values":[-0.1828,0.8837,-0.4308,0,-0.0014,-0.4384,-0.8988,0,-0.9831,-0.1637,0.0814,0,-1.4418,1.9585,-2.2297,1]},
{"frame":305,"values":[-0.2495,0.8889,-0.3843,0,0.0212,-0.3918,-0.9198,0,-0.9682,-0.2376,0.0789,0,-1.4418,1.9585,-2.2297,1]},
{"frame":306,"values":[-0.311,0.896,-0.3168,0,0.0425,-0.3199,-0.9465,0,-0.9494,-0.3079,0.0614,0,-1.4418,1.9585,-2.2297,1]},
{"frame":307,"values":[-0.3664,0.9001,-0.2358,0,0.0602,-0.23,-0.9713,0,-0.9285,-0.3701,0.0301,0,-1.4418,1.9585,-2.2297,1]},
{"frame":308,"values":[-0.4159,0.8964,-0.153,0,0.074,-0.1343,-0.9882,0,-0.9064,-0.4223,-0.0105,0,-1.4418,1.9585,-2.2297,1]},
{"frame":309,"values":[-0.4603,0.884,-0.0813,0,0.0851,-0.0472,-0.9953,0,-0.8837,-0.4651,-0.0535,0,-1.4418,1.9585,-2.2297,1]},
{"frame":310,"values":[-0.4994,0.8658,-0.0321,0,0.0948,0.0177,-0.9953,0,-0.8612,-0.5001,-0.091,0,-1.4418,1.9585,-2.2297,1]},
{"frame":311,"values":[-0.5231,0.8522,-0.013,0,0.1274,0.063,-0.9899,0,-0.8427,-0.5194,-0.1415,0,-1.4418,1.9585,-2.2297,1]},
{"frame":312,"values":[-0.5281,0.849,-0.0169,0,0.1937,0.1011,-0.9758,0,-0.8268,-0.5186,-0.2179,0,-1.4418,1.9585,-2.2297,1]},
{"frame":313,"values":[-0.5216,0.8528,-0.0273,0,0.2734,0.1367,-0.9521,0,-0.8082,-0.5041,-0.3045,0,-1.4418,1.9585,-2.2297,1]},
{"frame":314,"values":[-0.5105,0.8594,-0.0303,0,0.3477,0.174,-0.9213,0,-0.7865,-0.4808,-0.3876,0,-1.4418,1.9585,-2.2297,1]},
{"frame":315,"values":[-0.5007,0.8654,-0.0188,0,0.4032,0.2139,-0.8898,0,-0.766,-0.4531,-0.456,0,-1.4418,1.9585,-2.2297,1]},
{"frame":316,"values":[-0.4959,0.8684,0.0059,0,0.4406,0.2575,-0.86,0,-0.7483,-0.4239,-0.5103,0,-1.4418,1.9585,-2.2297,1]},
{"frame":317,"values":[-0.5007,0.8645,0.0427,0,0.4633,0.3094,-0.8305,0,-0.7312,-0.396,-0.5555,0,-1.4418,1.9585,-2.2297,1]},
{"frame":318,"values":[-0.5171,0.8511,0.0905,0,0.4683,0.3699,-0.8024,0,-0.7165,-0.3725,-0.5899,0,-1.4418,1.9585,-2.2297,1]},
{"frame":319,"values":[-0.5431,0.8269,0.1457,0,0.4542,0.4353,-0.7773,0,-0.7062,-0.356,-0.612,0,-1.4418,1.9585,-2.2297,1]},
{"frame":320,"values":[-0.5641,0.8045,0.1858,0,0.4326,0.4797,-0.7634,0,-0.7033,-0.3503,-0.6186,0,-1.4418,1.9585,-2.2297,1]},
{"frame":321,"values":[-0.5499,0.818,0.1688,0,0.4382,0.4546,-0.7754,0,-0.711,-0.3525,-0.6085,0,-1.4418,1.9585,-2.2297,1]},
{"frame":322,"values":[-0.517,0.8459,0.1311,0,0.4517,0.3997,-0.7976,0,-0.7271,-0.3531,-0.5888,0,-1.4418,1.9585,-2.2297,1]},
{"frame":323,"values":[-0.4763,0.8748,0.0887,0,0.4599,0.3338,-0.8228,0,-0.7494,-0.3511,-0.5613,0,-1.4418,1.9585,-2.2297,1]},
{"frame":324,"values":[-0.4318,0.9009,0.0444,0,0.4594,0.262,-0.8487,0,-0.7762,-0.3461,-0.527,0,-1.4418,1.9585,-2.2297,1]},
{"frame":325,"values":[-0.3857,0.9226,-0.0016,0,0.4492,0.1863,-0.8738,0,-0.8059,-0.3377,-0.4863,0,-1.4418,1.9585,-2.2297,1]},
{"frame":326,"values":[-0.3398,0.9392,-0.049,0,0.4294,0.1085,-0.8966,0,-0.8367,-0.3257,-0.4402,0,-1.4418,1.9585,-2.2297,1]},
{"frame":327,"values":[-0.2957,0.9503,-0.0977,0,0.4007,0.0305,-0.9157,0,-0.8672,-0.3099,-0.3898,0,-1.4418,1.9585,-2.2297,1]},
{"frame":328,"values":[-0.2545,0.9558,-0.147,0,0.3643,-0.046,-0.9301,0,-0.8958,-0.2902,-0.3365,0,-1.4418,1.9585,-2.2297,1]},
{"frame":329,"values":[-0.2169,0.9564,-0.1957,0,0.3219,-0.1191,-0.9392,0,-0.9216,-0.2667,-0.2821,0,-1.4418,1.9585,-2.2297,1]},
{"frame":330,"values":[-0.1833,0.9527,-0.2424,0,0.2755,-0.1869,-0.9429,0,-0.9436,-0.2397,-0.2282,0,-1.4418,1.9585,-2.2297,1]},
{"frame":331,"values":[-0.1535,0.9459,-0.2859,0,0.2272,-0.2478,-0.9418,0,-0.9617,-0.2095,-0.1769,0,-1.4418,1.9585,-2.2297,1]},
{"frame":332,"values":[-0.127,0.9372,-0.3247,0,0.179,-0.3003,-0.9369,0,-0.9756,-0.1771,-0.1296,0,-1.4418,1.9585,-2.2297,1]},
{"frame":333,"values":[-0.1031,0.928,-0.358,0,0.1327,-0.3439,-0.9296,0,-0.9858,-0.1433,-0.0877,0,-1.4418,1.9585,-2.2297,1]},
{"frame":334,"values":[-0.0812,0.9193,-0.3851,0,0.09,-0.3781,-0.9214,0,-0.9926,-0.1095,-0.052,0,-1.4418,1.9585,-2.2297,1]},
{"frame":335,"values":[-0.0609,0.9118,-0.406,0,0.0521,-0.4033,-0.9136,0,-0.9968,-0.0768,-0.023,0,-1.4418,1.9585,-2.2297,1]},
{"frame":336,"values":[-0.0422,0.9061,-0.4209,0,0.0201,-0.4204,-0.9071,0,-0.9989,-0.0468,-0.0005,0,-1.4418,1.9585,-2.2297,1]},
{"frame":337,"values":[-0.0256,0.9022,-0.4306,0,-0.0053,-0.4308,-0.9024,0,-0.9997,-0.0208,0.0158,0,-1.4418,1.9585,-2.2297,1]},
{"frame":338,"values":[-0.0119,0.8999,-0.436,0,-0.0238,-0.4362,-0.8996,0,-0.9996,-0.0003,0.0266,0,-1.4418,1.9585,-2.2297,1]},
{"frame":339,"values":[-0.0019,0.8988,-0.4384,0,-0.0351,-0.4382,-0.8982,0,-0.9994,0.0137,0.0324,0,-1.4418,1.9585,-2.2297,1]},
{"frame":340,"values":[0.0032,0.8986,-0.4388,0,-0.039,-0.4383,-0.898,0,-0.9992,0.02,0.0336,0,-1.4418,1.9585,-2.2297,1]},
{"frame":341,"values":[0.0335,0.9976,-0.0599,0,0.0194,-0.0606,-0.998,0,-0.9993,0.0322,-0.0214,0,-1.4418,1.9585,-2.2297,1]},
{"frame":342,"values":[0.0334,0.9976,-0.0611,0,0.0193,-0.0618,-0.9979,0,-0.9993,0.0322,-0.0213,0,-1.4418,1.9585,-2.2297,1]},
{"frame":343,"values":[0.0334,0.9974,-0.0645,0,0.019,-0.0652,-0.9977,0,-0.9993,0.0321,-0.0211,0,-1.4418,1.9585,-2.2297,1]},
{"frame":344,"values":[0.0332,0.997,-0.0701,0,0.0185,-0.0707,-0.9973,0,-0.9993,0.0318,-0.0208,0,-1.4418,1.9585,-2.2297,1]},
{"frame":345,"values":[0.033,0.9964,-0.0775,0,0.0178,-0.0781,-0.9968,0,-0.9993,0.0315,-0.0203,0,-1.4418,1.9585,-2.2297,1]},
{"frame":346,"values":[0.0328,0.9957,-0.0867,0,0.017,-0.0873,-0.996,0,-0.9993,0.0312,-0.0198,0,-1.4418,1.9585,-2.2297,1]},
{"frame":347,"values":[0.0325,0.9947,-0.0975,0,0.016,-0.0981,-0.995,0,-0.9993,0.0307,-0.0191,0,-1.4418,1.9585,-2.2297,1]},
{"frame":348,"values":[0.0321,0.9934,-0.1097,0,0.015,-0.1102,-0.9938,0,-0.9994,0.0303,-0.0184,0,-1.4418,1.9585,-2.2297,1]},
{"frame":349,"values":[0.0317,0.9919,-0.1231,0,0.0138,-0.1236,-0.9922,0,-0.9994,0.0297,-0.0176,0,-1.4418,1.9585,-2.2297,1]},
{"frame":350,"values":[0.0311,0.99,-0.1376,0,0.0126,-0.138,-0.9903,0,-0.9994,0.0291,-0.0168,0,-1.4418,1.9585,-2.2297,1]},
{"frame":351,"values":[0.0306,0.9878,-0.1529,0,0.0113,-0.1533,-0.9881,0,-0.9995,0.0285,-0.0159,0,-1.4418,1.9585,-2.2297,1]},
{"frame":352,"values":[0.0299,0.9852,-0.1689,0,0.01,-0.1693,-0.9855,0,-0.9995,0.0278,-0.015,0,-1.4418,1.9585,-2.2297,1]},
{"frame":353,"values":[0.0292,0.9822,-0.1855,0,0.0087,-0.1858,-0.9825,0,-0.9995,0.0271,-0.014,0,-1.4418,1.9585,-2.2297,1]},
{"frame":354,"values":[0.0284,0.9789,-0.2025,0,0.0074,-0.2028,-0.9792,0,-0.9996,0.0263,-0.013,0,-1.4418,1.9585,-2.2297,1]},
{"frame":355,"values":[0.0276,0.9752,-0.2197,0,0.0062,-0.2199,-0.9755,0,-0.9996,0.0255,-0.0121,0,-1.4418,1.9585,-2.2297,1]},
