{"producer":{"name":"Blender","version":"2.79 (sub 0)","exporter_version":"5.6.4","file":"Cow.babylon"},
"autoClear":true,"clearColor":[0.0509,0.0509,0.0509],"ambientColor":[0,0,0],"gravity":[0,-9.81,0],
"materials":[{"name":"Cow.Material.001","id":"Cow.Material.001","ambient":[0.1119,0.0578,0.0232],"diffuse":[0.1119,0.0578,0.0232],"specular":[0,0,0],"emissive":[0,0,0],"specularPower":50,"alpha":1,"backFaceCulling":true,"checkReadyOnlyOnce":false,"maxSimultaneousLights":4},
{"name":"Cow.Material.002","id":"Cow.Material.002","ambient":[0.5173,0.5173,0.5173],"diffuse":[0.5173,0.5173,0.5173],"specular":[0,0,0],"emissive":[0,0,0],"specularPower":50,"alpha":1,"backFaceCulling":true,"checkReadyOnlyOnce":false,"maxSimultaneousLights":4}],
"multiMaterials":[{"name":"Cow.Multimaterial#0","id":"Cow.Multimaterial#0","materials":["Cow.Material.001","Cow.Material.002"]}],
"skeletons":[{"name":"Armature","id":0,"dimensionsAtRest":[0.575,3.4756,6.1598],"bones":[
{"name":"Root","index":0,"matrix":[-1,0,0,0,0,0,-1,0,0,1,0,0,0.0026,-0.1732,1.3154,1],"rest":[-1,0,0,0,0,0,-1,0,0,1,0,0,0.0026,-0.1732,1.3154,1],"parentBoneIndex":-1,"length":0.805
,"animation":{"dataType":3,"framePerSecond":60,"keys":[
{"frame":0,"values":[-1,0,0,0,0,0,-1,0,0,1,0,0,0.0026,-0.1732,1.3154,1]},
{"frame":120,"values":[-1,0,0,0,0,0,-1,0,0,1,0,0,0.0026,-0.1732,1.3154,1]}],"loopBehavior":1,"name":"anim","property":"_matrix"}},
{"name":"bone.foot.front.l.001 ik","index":1,"matrix":[-1,0,0,0,0,-1,0,0,0,0,1,0,-0.2821,2.1372,0.7394,1],"rest":[-1,0,0,0,0,-1,0,0,0,0,1,0,-0.2821,1.7295,0.1875,1],"parentBoneIndex":0,"length":0.4051
,"animation":{"dataType":3,"framePerSecond":60,"keys":[
{"frame":0,"values":[-1,0,0,0,0,-1,0,0,0,0,1,0,-0.2821,1.7295,0.1875,1]},
{"frame":61,"values":[-1,0,0,0,0,-1,0,0,0,0,1,0,-0.2821,1.307,0.7394,1]},
{"frame":62,"values":[-1,0,0,0,0,-1,0,0,0,0,1,0,-0.2821,1.357,0.7394,1]},
{"frame":63,"values":[-1,0,0,0,0,-1,0,0,0,0,1,0,-0.2821,1.4473,0.7394,1]},
{"frame":64,"values":[-1,0,0,0,0,-1,0,0,0,0,1,0,-0.2821,1.5499,0.7394,1]},
{"frame":65,"values":[-1,0,0,0,0,-1,0,0,0,0,1,0,-0.2821,1.6564,0.7394,1]},
{"frame":66,"values":[-1,0,0,0,0,-1,0,0,0,0,1,0,-0.2821,1.7625,0.7394,1]},
{"frame":67,"values":[-1,0,0,0,0,-1,0,0,0,0,1,0,-0.2821,1.8654,0.7394,1]},
{"frame":68,"values":[-1,0,0,0,0,-1,0,0,0,0,1,0,-0.2821,1.9633,0.7394,1]},
{"frame":69,"values":[-1,0,0,0,0,-1,0,0,0,0,1,0,-0.2821,2.0544,0.7394,1]},
{"frame":70,"values":[-1,0,0,0,0,-1,0,0,0,0,1,0,-0.2821,2.1372,0.7394,1]},
{"frame":71,"values":[-1,0,0,0,0,-1,0,0,0,0,1,0,-0.2821,2.2099,0.7394,1]},
{"frame":72,"values":[-1,0,0,0,0,-1,0,0,0,0,1,0,-0.2821,2.2708,0.7394,1]},
{"frame":73,"values":[-1,0,0,0,0,-1,0,0,0,0,1,0,-0.2821,2.3178,0.7394,1]},
{"frame":74,"values":[-1,0,0,0,0,-1,0,0,0,0,1,0,-0.2821,2.3483,0.7394,1]},
{"frame":75,"values":[-1,0,0,0,0,-1,0,0,0,0,1,0,-0.2821,2.3594,0.7394,1]},
{"frame":76,"values":[-1,0,0,0,0,-1,0,0,0,0,1,0,-0.2821,2.3436,0.7394,1]},
{"frame":77,"values":[-1,0,0,0,0,-1,0,0,0,0,1,0,-0.2821,2.296,0.7394,1]},
{"frame":78,"values":[-1,0,0,0,0,-1,0,0,0,0,1,0,-0.2821,2.2168,0.7394,1]},
{"frame":79,"values":[-1,0,0,0,0,-1,0,0,0,0,1,0,-0.2821,2.1076,0.7394,1]},
{"frame":80,"values":[-1,0,0,0,0,-1,0,0,0,0,1,0,-0.2821,1.9719,0.7394,1]},
{"frame":81,"values":[-1,0,0,0,0,-1,0,0,0,0,1,0,-0.2821,1.8151,0.7394,1]},
{"frame":82,"values":[-1,0,0,0,0,-1,0,0,0,0,1,0,-0.2821,1.6448,0.7394,1]},
{"frame":83,"values":[-1,0,0,0,0,-1,0,0,0,0,1,0,-0.2821,1.4698,0.7394,1]},
{"frame":84,"values":[-1,0,0,0,0,-1,0,0,0,0,1,0,-0.2821,1.2994,0.7394,1]},
{"frame":85,"values":[-1,0,0,0,0,-1,0,0,0,0,1,0,-0.2821,1.1427,0.7394,1]},
{"frame":86,"values":[-1,0,0,0,0,-1,0,0,0,0,1,0,-0.2821,1.007,0.7394,1]},
{"frame":87,"values":[-1,0,0,0,0,-1,0,0,0,0,1,0,-0.2821,0.8978,0.7394,1]},
{"frame":88,"values":[-1,0,0,0,0,-1,0,0,0,0,1,0,-0.2821,0.8186,0.7394,1]},
{"frame":89,"values":[-1,0,0,0,0,-1,0,0,0,0,1,0,-0.2821,0.7709,0.7394,1]},
{"frame":90,"values":[-1,0,0,0,0,-1,0,0,0,0,1,0,-0.2821,0.7552,0.7394,1]},
{"frame":91,"values":[-1,0,0,0,0,-1,0,0,0,0,1,0,-0.2821,0.7743,0.7394,1]},
{"frame":92,"values":[-1,0,0,0,0,-1,0,0,0,0,1,0,-0.2821,0.8319,0.7394,1]},
{"frame":93,"values":[-1,0,0,0,0,-1,0,0,0,0,1,0,-0.2821,0.9279,0.7394,1]},
{"frame":94,"values":[-1,0,0,0,0,-1,0,0,0,0,1,0,-0.2821,1.0602,0.7394,1]},
{"frame":95,"values":[-1,0,0,0,0,-1,0,0,0,0,1,0,-0.2821,1.2245,0.7394,1]},
{"frame":96,"values":[-1,0,0,0,0,-1,0,0,0,0,1,0,-0.2821,1.4144,0.7394,1]},
{"frame":97,"values":[-1,0,0,0,0,-1,0,0,0,0,1,0,-0.2821,1.6207,0.7394,1]},
{"frame":98,"values":[-1,0,0,0,0,-1,0,0,0,0,1,0,-0.2821,1.8327,0.7394,1]},
{"frame":99,"values":[-1,0,0,0,0,-1,0,0,0,0,1,0,-0.2821,2.039,0.7394,1]},
{"frame":100,"values":[-1,0,0,0,0,-1,0,0,0,0,1,0,-0.2821,2.2289,0.7394,1]},
{"frame":101,"values":[-1,0,0,0,0,-1,0,0,0,0,1,0,-0.2821,2.3932,0.7394,1]},
{"frame":102,"values":[-1,0,0,0,0,-1,0,0,0,0,1,0,-0.2821,2.5255,0.7394,1]},
{"frame":103,"values":[-1,0,0,0,0,-1,0,0,0,0,1,0,-0.2821,2.6214,0.7394,1]},
{"frame":104,"values":[-1,0,0,0,0,-1,0,0,0,0,1,0,-0.2821,2.6791,0.7394,1]},
{"frame":105,"values":[-1,0,0,0,0,-1,0,0,0,0,1,0,-0.2821,2.6982,0.7394,1]},
{"frame":106,"values":[-1,0,0,0,0,-1,0,0,0,0,1,0,-0.2821,2.6845,0.7394,1]},
{"frame":107,"values":[-1,0,0,0,0,-1,0,0,0,0,1,0,-0.2821,2.6432,0.7394,1]},
{"frame":108,"values":[-1,0,0,0,0,-1,0,0,0,0,1,0,-0.2821,2.5745,0.7394,1]},
{"frame":109,"values":[-1,0,0,0,0,-1,0,0,0,0,1,0,-0.2821,2.4798,0.7394,1]},
{"frame":110,"values":[-1,0,0,0,0,-1,0,0,0,0,1,0,-0.2821,2.3621,0.7394,1]},
{"frame":111,"values":[-1,0,0,0,0,-1,0,0,0,0,1,0,-0.2821,2.2262,0.7394,1]},
{"frame":112,"values":[-1,0,0,0,0,-1,0,0,0,0,1,0,-0.2821,2.0785,0.7394,1]},
{"frame":113,"values":[-1,0,0,0,0,-1,0,0,0,0,1,0,-0.2821,1.9267,0.7394,1]},
{"frame":114,"values":[-1,0,0,0,0,-1,0,0,0,0,1,0,-0.2821,1.779,0.7394,1]},
{"frame":115,"values":[-1,0,0,0,0,-1,0,0,0,0,1,0,-0.2821,1.6431,0.7394,1]},
{"frame":116,"values":[-1,0,0,0,0,-1,0,0,0,0,1,0,-0.2821,1.5254,0.7394,1]},
{"frame":117,"values":[-1,0,0,0,0,-1,0,0,0,0,1,0,-0.2821,1.4307,0.7394,1]},
{"frame":118,"values":[-1,0,0,0,0,-1,0,0,0,0,1,0,-0.2821,1.362,0.7394,1]},
{"frame":119,"values":[-1,0,0,0,0,-1,0,0,0,0,1,0,-0.2821,1.3207,0.7394,1]},
{"frame":120,"values":[-1,0,0,0,0,-1,0,0,0,0,1,0,-0.2821,1.307,0.7394,1]}],"loopBehavior":1,"name":"anim","property":"_matrix"}},
{"name":"left front foot","index":2,"matrix":[-1,0,0,0,0,-1,0,0,0,0,1,0,0,0,0,1],"rest":[-1,0,0,0,0,-1,0,0,0,0,1,0,0,0,0,1],"parentBoneIndex":1,"length":0.2705
,"animation":{"dataType":3,"framePerSecond":60,"keys":[
{"frame":0,"values":[-1,0,0,0,0,-1,0,0,0,0,1,0,0,0,0,1]},
{"frame":120,"values":[-1,0,0,0,0,-1,0,0,0,0,1,0,0,0,0,1]}],"loopBehavior":1,"name":"anim","property":"_matrix"}},
{"name":"bone.foot.front.l.002 knee","index":3,"matrix":[1,0,0,0,0,0,1,0,0,-1,0,0,0,-0.4366,0.5462,1],"rest":[1,0,0,0,0,0,1,0,0,-1,0,0,0,-0.4366,0.5462,1],"parentBoneIndex":1,"length":0.4051
,"animation":{"dataType":3,"framePerSecond":60,"keys":[
{"frame":0,"values":[1,0,0,0,0,0,1,0,0,-1,0,0,0,-0.4366,0.5462,1]},
{"frame":120,"values":[1,0,0,0,0,0,1,0,0,-1,0,0,0,-0.4366,0.5462,1]}],"loopBehavior":1,"name":"anim","property":"_matrix"}},
{"name":"bone.foot.front.r.001 ik","index":4,"matrix":[-1,0,0,0,0,-1,0,0,0,0,1,0,0.2578,2.4204,0.8703,1],"rest":[-1,0,0,0,0,-1,0,0,0,0,1,0,0.2578,1.7092,0.153,1],"parentBoneIndex":0,"length":0.4051
,"animation":{"dataType":3,"framePerSecond":60,"keys":[
{"frame":0,"values":[-1,0,0,0,0,-1,0,0,0,0,1,0,0.2578,1.7092,0.153,1]},
{"frame":61,"values":[-1,0,0,0,0,-1,0,0,0,0,1,0,0.2578,1.2747,0.6897,1]},
{"frame":62,"values":[-1,0,0,0,0,-1,0,0,0,0,1,0,0.2578,1.3437,0.7538,1]},
{"frame":63,"values":[-1,0,0,0,0,-1,0,0,0,0,1,0,0.2578,1.4682,0.7901,1]},
{"frame":64,"values":[-1,0,0,0,0,-1,0,0,0,0,1,0,0.2578,1.6099,0.8146,1]},
{"frame":65,"values":[-1,0,0,0,0,-1,0,0,0,0,1,0,0.2578,1.7569,0.8322,1]},
{"frame":66,"values":[-1,0,0,0,0,-1,0,0,0,0,1,0,0.2578,1.9032,0.8451,1]},
{"frame":67,"values":[-1,0,0,0,0,-1,0,0,0,0,1,0,0.2578,2.0453,0.8546,1]},
{"frame":68,"values":[-1,0,0,0,0,-1,0,0,0,0,1,0,0.2578,2.1804,0.8617,1]},
{"frame":69,"values":[-1,0,0,0,0,-1,0,0,0,0,1,0,0.2578,2.3062,0.8667,1]},
{"frame":70,"values":[-1,0,0,0,0,-1,0,0,0,0,1,0,0.2578,2.4204,0.8703,1]},
{"frame":71,"values":[-1,0,0,0,0,-1,0,0,0,0,1,0,0.2578,2.5207,0.8726,1]},
{"frame":72,"values":[-1,0,0,0,0,-1,0,0,0,0,1,0,0.2578,2.6048,0.874,1]},
{"frame":73,"values":[-1,0,0,0,0,-1,0,0,0,0,1,0,0.2578,2.6696,0.8748,1]},
{"frame":74,"values":[-1,0,0,0,0,-1,0,0,0,0,1,0,0.2578,2.7118,0.8751,1]},
{"frame":75,"values":[-1,0,0,0,0,-1,0,0,0,0,1,0,0.2578,2.727,0.8751,1]},
{"frame":76,"values":[-1,0,0,0,0,-1,0,0,0,0,1,0,0.2578,2.7127,0.8686,1]},
{"frame":77,"values":[-1,0,0,0,0,-1,0,0,0,0,1,0,0.2578,2.6696,0.8488,1]},
{"frame":78,"values":[-1,0,0,0,0,-1,0,0,0,0,1,0,0.2578,2.5979,0.8159,1]},
{"frame":79,"values":[-1,0,0,0,0,-1,0,0,0,0,1,0,0.2578,2.499,0.7706,1]},
{"frame":80,"values":[-1,0,0,0,0,-1,0,0,0,0,1,0,0.2578,2.3762,0.7143,1]},
{"frame":81,"values":[-1,0,0,0,0,-1,0,0,0,0,1,0,0.2578,2.2343,0.6492,1]},
{"frame":82,"values":[-1,0,0,0,0,-1,0,0,0,0,1,0,0.2578,2.0801,0.5785,1]},
{"frame":83,"values":[-1,0,0,0,0,-1,0,0,0,0,1,0,0.2578,1.9216,0.5059,1]},
{"frame":84,"values":[-1,0,0,0,0,-1,0,0,0,0,1,0,0.2578,1.7674,0.4352,1]},
{"frame":85,"values":[-1,0,0,0,0,-1,0,0,0,0,1,0,0.2578,1.6255,0.3702,1]},
{"frame":86,"values":[-1,0,0,0,0,-1,0,0,0,0,1,0,0.2578,1.5026,0.3138,1]},
{"frame":87,"values":[-1,0,0,0,0,-1,0,0,0,0,1,0,0.2578,1.4038,0.2685,1]},
{"frame":88,"values":[-1,0,0,0,0,-1,0,0,0,0,1,0,0.2578,1.3321,0.2357,1]},
{"frame":89,"values":[-1,0,0,0,0,-1,0,0,0,0,1,0,0.2578,1.289,0.2159,1]},
{"frame":90,"values":[-1,0,0,0,0,-1,0,0,0,0,1,0,0.2578,1.2747,0.2094,1]},
{"frame":91,"values":[-1,0,0,0,0,-1,0,0,0,0,1,0,0.2578,1.2747,0.2159,1]},
{"frame":92,"values":[-1,0,0,0,0,-1,0,0,0,0,1,0,0.2578,1.2747,0.2355,1]},
{"frame":93,"values":[-1,0,0,0,0,-1,0,0,0,0,1,0,0.2578,1.2747,0.2682,1]},
{"frame":94,"values":[-1,0,0,0,0,-1,0,0,0,0,1,0,0.2578,1.2747,0.3132,1]},
{"frame":95,"values":[-1,0,0,0,0,-1,0,0,0,0,1,0,0.2578,1.2747,0.3692,1]},
{"frame":96,"values":[-1,0,0,0,0,-1,0,0,0,0,1,0,0.2578,1.2747,0.4339,1]},
{"frame":97,"values":[-1,0,0,0,0,-1,0,0,0,0,1,0,0.2578,1.2747,0.5042,1]},
{"frame":98,"values":[-1,0,0,0,0,-1,0,0,0,0,1,0,0.2578,1.2747,0.5764,1]},
{"frame":99,"values":[-1,0,0,0,0,-1,0,0,0,0,1,0,0.2578,1.2747,0.6467,1]},
{"frame":100,"values":[-1,0,0,0,0,-1,0,0,0,0,1,0,0.2578,1.2747,0.7113,1]},
{"frame":101,"values":[-1,0,0,0,0,-1,0,0,0,0,1,0,0.2578,1.2747,0.7673,1]},
{"frame":102,"values":[-1,0,0,0,0,-1,0,0,0,0,1,0,0.2578,1.2747,0.8124,1]},
{"frame":103,"values":[-1,0,0,0,0,-1,0,0,0,0,1,0,0.2578,1.2747,0.8451,1]},
{"frame":104,"values":[-1,0,0,0,0,-1,0,0,0,0,1,0,0.2578,1.2747,0.8647,1]},
{"frame":105,"values":[-1,0,0,0,0,-1,0,0,0,0,1,0,0.2578,1.2747,0.8712,1]},
{"frame":106,"values":[-1,0,0,0,0,-1,0,0,0,0,1,0,0.2578,1.2747,0.8694,1]},
{"frame":107,"values":[-1,0,0,0,0,-1,0,0,0,0,1,0,0.2578,1.2747,0.864,1]},
{"frame":108,"values":[-1,0,0,0,0,-1,0,0,0,0,1,0,0.2578,1.2747,0.8551,1]},
{"frame":109,"values":[-1,0,0,0,0,-1,0,0,0,0,1,0,0.2578,1.2747,0.8427,1]},
{"frame":110,"values":[-1,0,0,0,0,-1,0,0,0,0,1,0,0.2578,1.2747,0.8274,1]},
{"frame":111,"values":[-1,0,0,0,0,-1,0,0,0,0,1,0,0.2578,1.2747,0.8096,1]},
{"frame":112,"values":[-1,0,0,0,0,-1,0,0,0,0,1,0,0.2578,1.2747,0.7904,1]},
{"frame":113,"values":[-1,0,0,0,0,-1,0,0,0,0,1,0,0.2578,1.2747,0.7706,1]},
{"frame":114,"values":[-1,0,0,0,0,-1,0,0,0,0,1,0,0.2578,1.2747,0.7513,1]},
{"frame":115,"values":[-1,0,0,0,0,-1,0,0,0,0,1,0,0.2578,1.2747,0.7336,1]},
{"frame":116,"values":[-1,0,0,0,0,-1,0,0,0,0,1,0,0.2578,1.2747,0.7182,1]},
{"frame":117,"values":[-1,0,0,0,0,-1,0,0,0,0,1,0,0.2578,1.2747,0.7059,1]},
{"frame":118,"values":[-1,0,0,0,0,-1,0,0,0,0,1,0,0.2578,1.2747,0.6969,1]},
{"frame":119,"values":[-1,0,0,0,0,-1,0,0,0,0,1,0,0.2578,1.2747,0.6915,1]},
{"frame":120,"values":[-1,0,0,0,0,-1,0,0,0,0,1,0,0.2578,1.2747,0.6897,1]}],"loopBehavior":1,"name":"anim","property":"_matrix"}},
{"name":"right front foot","index":5,"matrix":[-1,0,0,0,0,-1,0,0,0,0,1,0,0,0,0,1],"rest":[-1,0,0,0,0,-1,0,0,0,0,1,0,0,0,0,1],"parentBoneIndex":4,"length":0.2705
,"animation":{"dataType":3,"framePerSecond":60,"keys":[
{"frame":0,"values":[-1,0,0,0,0,-1,0,0,0,0,1,0,0,0,0,1]},
{"frame":120,"values":[-1,0,0,0,0,-1,0,0,0,0,1,0,0,0,0,1]}],"loopBehavior":1,"name":"anim","property":"_matrix"}},
{"name":"bone.foot.front.r.002 knee","index":6,"matrix":[1,0,0,0,0,0,1,0,0,-1,0,0,0,-0.4255,0.5462,1],"rest":[1,0,0,0,0,0,1,0,0,-1,0,0,0,-0.4255,0.5462,1],"parentBoneIndex":4,"length":0.4051
,"animation":{"dataType":3,"framePerSecond":60,"keys":[
{"frame":0,"values":[1,0,0,0,0,0,1,0,0,-1,0,0,0,-0.4255,0.5462,1]},
{"frame":120,"values":[1,0,0,0,0,0,1,0,0,-1,0,0,0,-0.4255,0.5462,1]}],"loopBehavior":1,"name":"anim","property":"_matrix"}},
{"name":"bone.foot.back.l.001 ik","index":7,"matrix":[-1,0,0,0,0,-1,0,0,0,0,1,0,-0.2892,-1.1928,0.364,1],"rest":[-1,0,0,0,0,-1,0,0,0,0,1,0,-0.2892,-1.4354,0.1607,1],"parentBoneIndex":0,"length":0.4051
,"animation":{"dataType":3,"framePerSecond":60,"keys":[
{"frame":0,"values":[-1,0,0,0,0,-1,0,0,0,0,1,0,-0.2892,-1.4354,0.1607,1]},
{"frame":61,"values":[-1,0,0,0,0,-1,0,0,0,0,1,0,-0.2892,-0.9914,0.3451,1]},
{"frame":62,"values":[-1,0,0,0,0,-1,0,0,0,0,1,0,-0.2892,-1.0036,0.3557,1]},
{"frame":63,"values":[-1,0,0,0,0,-1,0,0,0,0,1,0,-0.2892,-1.0255,0.3599,1]},
{"frame":64,"values":[-1,0,0,0,0,-1,0,0,0,0,1,0,-0.2892,-1.0504,0.3618,1]},
{"frame":65,"values":[-1,0,0,0,0,-1,0,0,0,0,1,0,-0.2892,-1.0762,0.3626,1]},
{"frame":66,"values":[-1,0,0,0,0,-1,0,0,0,0,1,0,-0.2892,-1.1019,0.3627,1]},
{"frame":67,"values":[-1,0,0,0,0,-1,0,0,0,0,1,0,-0.2892,-1.1269,0.3628,1]},
{"frame":68,"values":[-1,0,0,0,0,-1,0,0,0,0,1,0,-0.2892,-1.1506,0.3628,1]},
{"frame":69,"values":[-1,0,0,0,0,-1,0,0,0,0,1,0,-0.2892,-1.1727,0.3632,1]},
{"frame":70,"values":[-1,0,0,0,0,-1,0,0,0,0,1,0,-0.2892,-1.1928,0.364,1]},
{"frame":71,"values":[-1,0,0,0,0,-1,0,0,0,0,1,0,-0.2892,-1.2104,0.3653,1]},
{"frame":72,"values":[-1,0,0,0,0,-1,0,0,0,0,1,0,-0.2892,-1.2252,0.3675,1]},
{"frame":73,"values":[-1,0,0,0,0,-1,0,0,0,0,1,0,-0.2892,-1.2366,0.3705,1]},
{"frame":74,"values":[-1,0,0,0,0,-1,0,0,0,0,1,0,-0.2892,-1.244,0.3748,1]},
{"frame":75,"values":[-1,0,0,0,0,-1,0,0,0,0,1,0,-0.2892,-1.2467,0.3804,1]},
{"frame":76,"values":[-1,0,0,0,0,-1,0,0,0,0,1,0,-0.2892,-1.2403,0.389,1]},
{"frame":77,"values":[-1,0,0,0,0,-1,0,0,0,0,1,0,-0.2892,-1.2209,0.4019,1]},
{"frame":78,"values":[-1,0,0,0,0,-1,0,0,0,0,1,0,-0.2892,-1.1887,0.419,1]},
{"frame":79,"values":[-1,0,0,0,0,-1,0,0,0,0,1,0,-0.2892,-1.1444,0.44,1]},
{"frame":80,"values":[-1,0,0,0,0,-1,0,0,0,0,1,0,-0.2892,-1.0892,0.4643,1]},
{"frame":81,"values":[-1,0,0,0,0,-1,0,0,0,0,1,0,-0.2892,-1.0256,0.4911,1]},
{"frame":82,"values":[-1,0,0,0,0,-1,0,0,0,0,1,0,-0.2892,-0.9563,0.5192,1]},
{"frame":83,"values":[-1,0,0,0,0,-1,0,0,0,0,1,0,-0.2892,-0.8852,0.5474,1]},
{"frame":84,"values":[-1,0,0,0,0,-1,0,0,0,0,1,0,-0.2892,-0.816,0.5744,1]},
{"frame":85,"values":[-1,0,0,0,0,-1,0,0,0,0,1,0,-0.2892,-0.7523,0.5989,1]},
{"frame":86,"values":[-1,0,0,0,0,-1,0,0,0,0,1,0,-0.2892,-0.6972,0.6198,1]},
{"frame":87,"values":[-1,0,0,0,0,-1,0,0,0,0,1,0,-0.2892,-0.6528,0.6365,1]},
{"frame":88,"values":[-1,0,0,0,0,-1,0,0,0,0,1,0,-0.2892,-0.6206,0.6485,1]},
{"frame":89,"values":[-1,0,0,0,0,-1,0,0,0,0,1,0,-0.2892,-0.6013,0.6557,1]},
{"frame":90,"values":[-1,0,0,0,0,-1,0,0,0,0,1,0,-0.2892,-0.5949,0.658,1]},
{"frame":91,"values":[-1,0,0,0,0,-1,0,0,0,0,1,0,-0.2892,-0.6142,0.6575,1]},
{"frame":92,"values":[-1,0,0,0,0,-1,0,0,0,0,1,0,-0.2892,-0.6727,0.6559,1]},
{"frame":93,"values":[-1,0,0,0,0,-1,0,0,0,0,1,0,-0.2892,-0.77,0.653,1]},
{"frame":94,"values":[-1,0,0,0,0,-1,0,0,0,0,1,0,-0.2892,-0.904,0.6489,1]},
{"frame":95,"values":[-1,0,0,0,0,-1,0,0,0,0,1,0,-0.2892,-1.0706,0.6434,1]},
{"frame":96,"values":[-1,0,0,0,0,-1,0,0,0,0,1,0,-0.2892,-1.2631,0.6366,1]},
{"frame":97,"values":[-1,0,0,0,0,-1,0,0,0,0,1,0,-0.2892,-1.4722,0.6286,1]},
{"frame":98,"values":[-1,0,0,0,0,-1,0,0,0,0,1,0,-0.2892,-1.6871,0.6196,1]},
{"frame":99,"values":[-1,0,0,0,0,-1,0,0,0,0,1,0,-0.2892,-1.8962,0.6097,1]},
{"frame":100,"values":[-1,0,0,0,0,-1,0,0,0,0,1,0,-0.2892,-2.0887,0.5991,1]},
{"frame":101,"values":[-1,0,0,0,0,-1,0,0,0,0,1,0,-0.2892,-2.2553,0.5882,1]},
{"frame":102,"values":[-1,0,0,0,0,-1,0,0,0,0,1,0,-0.2892,-2.3894,0.5771,1]},
{"frame":103,"values":[-1,0,0,0,0,-1,0,0,0,0,1,0,-0.2892,-2.4866,0.5661,1]},
{"frame":104,"values":[-1,0,0,0,0,-1,0,0,0,0,1,0,-0.2892,-2.5451,0.5552,1]},
{"frame":105,"values":[-1,0,0,0,0,-1,0,0,0,0,1,0,-0.2892,-2.5644,0.5446,1]},
{"frame":106,"values":[-1,0,0,0,0,-1,0,0,0,0,1,0,-0.2892,-2.549,0.5332,1]},
{"frame":107,"values":[-1,0,0,0,0,-1,0,0,0,0,1,0,-0.2892,-2.5023,0.5198,1]},
{"frame":108,"values":[-1,0,0,0,0,-1,0,0,0,0,1,0,-0.2892,-2.4246,0.5045,1]},
{"frame":109,"values":[-1,0,0,0,0,-1,0,0,0,0,1,0,-0.2892,-2.3175,0.4875,1]},
{"frame":110,"values":[-1,0,0,0,0,-1,0,0,0,0,1,0,-0.2892,-2.1845,0.4693,1]},
{"frame":111,"values":[-1,0,0,0,0,-1,0,0,0,0,1,0,-0.2892,-2.0308,0.4504,1]},
{"frame":112,"values":[-1,0,0,0,0,-1,0,0,0,0,1,0,-0.2892,-1.8638,0.4313,1]},
{"frame":113,"values":[-1,0,0,0,0,-1,0,0,0,0,1,0,-0.2892,-1.6921,0.4129,1]},
{"frame":114,"values":[-1,0,0,0,0,-1,0,0,0,0,1,0,-0.2892,-1.5251,0.3957,1]},
{"frame":115,"values":[-1,0,0,0,0,-1,0,0,0,0,1,0,-0.2892,-1.3714,0.3805,1]},
{"frame":116,"values":[-1,0,0,0,0,-1,0,0,0,0,1,0,-0.2892,-1.2383,0.3678,1]},
{"frame":117,"values":[-1,0,0,0,0,-1,0,0,0,0,1,0,-0.2892,-1.1313,0.3578,1]},
{"frame":118,"values":[-1,0,0,0,0,-1,0,0,0,0,1,0,-0.2892,-1.0536,0.3507,1]},
{"frame":119,"values":[-1,0,0,0,0,-1,0,0,0,0,1,0,-0.2892,-1.0069,0.3465,1]},
{"frame":120,"values":[-1,0,0,0,0,-1,0,0,0,0,1,0,-0.2892,-0.9914,0.3451,1]}],"loopBehavior":1,"name":"anim","property":"_matrix"}},
{"name":"left back foot","index":8,"matrix":[-1,0,0,0,0,-1,0,0,0,0,1,0,0,0,0,1],"rest":[-1,0,0,0,0,-1,0,0,0,0,1,0,0,0,0,1],"parentBoneIndex":7,"length":0.2705
,"animation":{"dataType":3,"framePerSecond":60,"keys":[
{"frame":0,"values":[-1,0,0,0,0,-1,0,0,0,0,1,0,0,0,0,1]},
{"frame":120,"values":[-1,0,0,0,0,-1,0,0,0,0,1,0,0,0,0,1]}],"loopBehavior":1,"name":"anim","property":"_matrix"}},
{"name":"bone.foot.back.l.002 knee","index":9,"matrix":[1,0,0,0,0,0,1,0,0,-1,0,0,0,-0.4695,0.5462,1],"rest":[1,0,0,0,0,0,1,0,0,-1,0,0,0,-0.4695,0.5462,1],"parentBoneIndex":7,"length":0.4051
,"animation":{"dataType":3,"framePerSecond":60,"keys":[
{"frame":0,"values":[1,0,0,0,0,0,1,0,0,-1,0,0,0,-0.4695,0.5462,1]},
{"frame":120,"values":[1,0,0,0,0,0,1,0,0,-1,0,0,0,-0.4695,0.5462,1]}],"loopBehavior":1,"name":"anim","property":"_matrix"}},
{"name":"bone.foot.back.r.001 ik","index":10,"matrix":[-1,0,0,0,0,-1,0,0,0,0,1,0,0.2858,-1.6953,0.558,1],"rest":[-1,0,0,0,0,-1,0,0,0,0,1,0,0.2858,-1.4097,0.1419,1],"parentBoneIndex":0,"length":0.4051
,"animation":{"dataType":3,"framePerSecond":60,"keys":[
{"frame":0,"values":[-1,0,0,0,0,-1,0,0,0,0,1,0,0.2858,-1.4097,0.1419,1]},
{"frame":61,"values":[-1,0,0,0,0,-1,0,0,0,0,1,0,0.2858,-1.0161,0.558,1]},
{"frame":62,"values":[-1,0,0,0,0,-1,0,0,0,0,1,0,0.2858,-1.0571,0.558,1]},
{"frame":63,"values":[-1,0,0,0,0,-1,0,0,0,0,1,0,0.2858,-1.1309,0.558,1]},
{"frame":64,"values":[-1,0,0,0,0,-1,0,0,0,0,1,0,0.2858,-1.2149,0.558,1]},
{"frame":65,"values":[-1,0,0,0,0,-1,0,0,0,0,1,0,0.2858,-1.302,0.558,1]},
{"frame":66,"values":[-1,0,0,0,0,-1,0,0,0,0,1,0,0.2858,-1.3887,0.558,1]},
{"frame":67,"values":[-1,0,0,0,0,-1,0,0,0,0,1,0,0.2858,-1.473,0.558,1]},
{"frame":68,"values":[-1,0,0,0,0,-1,0,0,0,0,1,0,0.2858,-1.5531,0.558,1]},
{"frame":69,"values":[-1,0,0,0,0,-1,0,0,0,0,1,0,0.2858,-1.6276,0.558,1]},
{"frame":70,"values":[-1,0,0,0,0,-1,0,0,0,0,1,0,0.2858,-1.6953,0.558,1]},
{"frame":71,"values":[-1,0,0,0,0,-1,0,0,0,0,1,0,0.2858,-1.7548,0.558,1]},
{"frame":72,"values":[-1,0,0,0,0,-1,0,0,0,0,1,0,0.2858,-1.8046,0.558,1]},
{"frame":73,"values":[-1,0,0,0,0,-1,0,0,0,0,1,0,0.2858,-1.843,0.558,1]},
{"frame":74,"values":[-1,0,0,0,0,-1,0,0,0,0,1,0,0.2858,-1.868,0.558,1]},
{"frame":75,"values":[-1,0,0,0,0,-1,0,0,0,0,1,0,0.2858,-1.8771,0.558,1]},
{"frame":76,"values":[-1,0,0,0,0,-1,0,0,0,0,1,0,0.2858,-1.8663,0.558,1]},
{"frame":77,"values":[-1,0,0,0,0,-1,0,0,0,0,1,0,0.2858,-1.8338,0.558,1]},
{"frame":78,"values":[-1,0,0,0,0,-1,0,0,0,0,1,0,0.2858,-1.7798,0.558,1]},
{"frame":79,"values":[-1,0,0,0,0,-1,0,0,0,0,1,0,0.2858,-1.7053,0.558,1]},
{"frame":80,"values":[-1,0,0,0,0,-1,0,0,0,0,1,0,0.2858,-1.6127,0.558,1]},
{"frame":81,"values":[-1,0,0,0,0,-1,0,0,0,0,1,0,0.2858,-1.5058,0.558,1]},
{"frame":82,"values":[-1,0,0,0,0,-1,0,0,0,0,1,0,0.2858,-1.3896,0.558,1]},
{"frame":83,"values":[-1,0,0,0,0,-1,0,0,0,0,1,0,0.2858,-1.2702,0.558,1]},
{"frame":84,"values":[-1,0,0,0,0,-1,0,0,0,0,1,0,0.2858,-1.154,0.558,1]},
{"frame":85,"values":[-1,0,0,0,0,-1,0,0,0,0,1,0,0.2858,-1.0471,0.558,1]},
{"frame":86,"values":[-1,0,0,0,0,-1,0,0,0,0,1,0,0.2858,-0.9545,0.558,1]},
{"frame":87,"values":[-1,0,0,0,0,-1,0,0,0,0,1,0,0.2858,-0.88,0.558,1]},
{"frame":88,"values":[-1,0,0,0,0,-1,0,0,0,0,1,0,0.2858,-0.826,0.558,1]},
{"frame":89,"values":[-1,0,0,0,0,-1,0,0,0,0,1,0,0.2858,-0.7935,0.558,1]},
{"frame":90,"values":[-1,0,0,0,0,-1,0,0,0,0,1,0,0.2858,-0.7828,0.558,1]},
{"frame":91,"values":[-1,0,0,0,0,-1,0,0,0,0,1,0,0.2858,-0.7996,0.5554,1]},
{"frame":92,"values":[-1,0,0,0,0,-1,0,0,0,0,1,0,0.2858,-0.8506,0.5475,1]},
{"frame":93,"values":[-1,0,0,0,0,-1,0,0,0,0,1,0,0.2858,-0.9353,0.5344,1]},
{"frame":94,"values":[-1,0,0,0,0,-1,0,0,0,0,1,0,0.2858,-1.0522,0.5163,1]},
{"frame":95,"values":[-1,0,0,0,0,-1,0,0,0,0,1,0,0.2858,-1.1974,0.4938,1]},
{"frame":96,"values":[-1,0,0,0,0,-1,0,0,0,0,1,0,0.2858,-1.3651,0.4678,1]},
{"frame":97,"values":[-1,0,0,0,0,-1,0,0,0,0,1,0,0.2858,-1.5473,0.4395,1]},
{"frame":98,"values":[-1,0,0,0,0,-1,0,0,0,0,1,0,0.2858,-1.7346,0.4105,1]},
{"frame":99,"values":[-1,0,0,0,0,-1,0,0,0,0,1,0,0.2858,-1.9168,0.3822,1]},
{"frame":100,"values":[-1,0,0,0,0,-1,0,0,0,0,1,0,0.2858,-2.0845,0.3562,1]},
{"frame":101,"values":[-1,0,0,0,0,-1,0,0,0,0,1,0,0.2858,-2.2297,0.3337,1]},
{"frame":102,"values":[-1,0,0,0,0,-1,0,0,0,0,1,0,0.2858,-2.3465,0.3156,1]},
{"frame":103,"values":[-1,0,0,0,0,-1,0,0,0,0,1,0,0.2858,-2.4313,0.3025,1]},
{"frame":104,"values":[-1,0,0,0,0,-1,0,0,0,0,1,0,0.2858,-2.4823,0.2946,1]},
{"frame":105,"values":[-1,0,0,0,0,-1,0,0,0,0,1,0,0.2858,-2.4991,0.2919,1]},
{"frame":106,"values":[-1,0,0,0,0,-1,0,0,0,0,1,0,0.2858,-2.4845,0.2946,1]},
{"frame":107,"values":[-1,0,0,0,0,-1,0,0,0,0,1,0,0.2858,-2.4405,0.3025,1]},
{"frame":108,"values":[-1,0,0,0,0,-1,0,0,0,0,1,0,0.2858,-2.3673,0.3156,1]},
{"frame":109,"values":[-1,0,0,0,0,-1,0,0,0,0,1,0,0.2858,-2.2663,0.3337,1]},
{"frame":110,"values":[-1,0,0,0,0,-1,0,0,0,0,1,0,0.2858,-2.1409,0.3562,1]},
{"frame":111,"values":[-1,0,0,0,0,-1,0,0,0,0,1,0,0.2858,-1.996,0.3822,1]},
{"frame":112,"values":[-1,0,0,0,0,-1,0,0,0,0,1,0,0.2858,-1.8385,0.4105,1]},
{"frame":113,"values":[-1,0,0,0,0,-1,0,0,0,0,1,0,0.2858,-1.6767,0.4395,1]},
{"frame":114,"values":[-1,0,0,0,0,-1,0,0,0,0,1,0,0.2858,-1.5193,0.4678,1]},
{"frame":115,"values":[-1,0,0,0,0,-1,0,0,0,0,1,0,0.2858,-1.3744,0.4938,1]},
{"frame":116,"values":[-1,0,0,0,0,-1,0,0,0,0,1,0,0.2858,-1.2489,0.5163,1]},
{"frame":117,"values":[-1,0,0,0,0,-1,0,0,0,0,1,0,0.2858,-1.148,0.5344,1]},
{"frame":118,"values":[-1,0,0,0,0,-1,0,0,0,0,1,0,0.2858,-1.0747,0.5475,1]},
{"frame":119,"values":[-1,0,0,0,0,-1,0,0,0,0,1,0,0.2858,-1.0307,0.5554,1]},
{"frame":120,"values":[-1,0,0,0,0,-1,0,0,0,0,1,0,0.2858,-1.0161,0.558,1]}],"loopBehavior":1,"name":"anim","property":"_matrix"}},
{"name":"right back foot","index":11,"matrix":[-1,0,0,0,0,-1,0,0,0,0,1,0,0,0,0,1],"rest":[-1,0,0,0,0,-1,0,0,0,0,1,0,0,0,0,1],"parentBoneIndex":10,"length":0.2705
,"animation":{"dataType":3,"framePerSecond":60,"keys":[
{"frame":0,"values":[-1,0,0,0,0,-1,0,0,0,0,1,0,0,0,0,1]},
{"frame":120,"values":[-1,0,0,0,0,-1,0,0,0,0,1,0,0,0,0,1]}],"loopBehavior":1,"name":"anim","property":"_matrix"}},
{"name":"bone.foot.back.r.002 knee","index":12,"matrix":[1,0,0,0,0,0,1,0,0,-1,0,0,0,-0.5713,0.5462,1],"rest":[1,0,0,0,0,0,1,0,0,-1,0,0,0,-0.5713,0.5462,1],"parentBoneIndex":10,"length":0.4051
,"animation":{"dataType":3,"framePerSecond":60,"keys":[
{"frame":0,"values":[1,0,0,0,0,0,1,0,0,-1,0,0,0,-0.5713,0.5462,1]},
{"frame":120,"values":[1,0,0,0,0,0,1,0,0,-1,0,0,0,-0.5713,0.5462,1]}],"loopBehavior":1,"name":"anim","property":"_matrix"}},
{"name":"bone.back.rear","index":13,"matrix":[1,0,0,0,0,0.9781,-0.2081,0,0,0.2081,0.9781,0,-0.0414,-1.2937,3.3815,1],"rest":[1,0,0,0,0,0.9781,-0.2081,0,0,0.2081,0.9781,0,-0.0414,-1.2937,3.3815,1],"parentBoneIndex":0,"length":1.6166
,"animation":{"dataType":3,"framePerSecond":60,"keys":[
{"frame":0,"values":[1,0,0,0,0,0.9781,-0.2081,0,0,0.2081,0.9781,0,-0.0414,-1.2937,3.3815,1]},
{"frame":120,"values":[1,0,0,0,0,0.9781,-0.2081,0,0,0.2081,0.9781,0,-0.0414,-1.2937,3.3815,1]}],"loopBehavior":1,"name":"anim","property":"_matrix"}},
{"name":"bone.back.mid","index":14,"matrix":[1,0,0,0,0,0.9638,0.2666,0,0,-0.2666,0.9638,0,0,1.6166,0,1],"rest":[1,0,0,0,0,0.9638,0.2666,0,0,-0.2666,0.9638,0,0,1.6166,0,1],"parentBoneIndex":13,"length":1.6785
,"animation":{"dataType":3,"framePerSecond":60,"keys":[
{"frame":0,"values":[1,0,0,0,0,0.9638,0.2666,0,0,-0.2666,0.9638,0,0,1.6166,0,1]},
{"frame":120,"values":[1,0,0,0,0,0.9638,0.2666,0,0,-0.2666,0.9638,0,0,1.6166,0,1]}],"loopBehavior":1,"name":"anim","property":"_matrix"}},
{"name":"bone.leg.front.r","index":15,"matrix":[0,0.3556,0.9347,0,0,0.9347,-0.3556,0,-1,0,0,0,0.2992,1.2537,-1.3173,1],"rest":[0,0.9999,0.0146,0,0,0.0146,-0.9999,0,-1,0,0,0,0.2992,1.2537,-1.3173,1],"parentBoneIndex":14,"length":1.0028
,"animation":{"dataType":3,"framePerSecond":60,"keys":[
{"frame":0,"values":[0,0.9994,0.0355,0,0,0.0355,-0.9994,0,-1,0,0,0,0.2992,1.2537,-1.3173,1]},
{"frame":61,"values":[0,0.9725,0.2329,0,0,0.2329,-0.9725,0,-1,0,0,0,0.2992,1.2537,-1.3173,1]},
{"frame":62,"values":[0,0.9503,0.3113,0,0,0.3113,-0.9503,0,-1,0,0,0,0.2992,1.2537,-1.3173,1]},
{"frame":63,"values":[0,0.9007,0.4345,0,0,0.4345,-0.9007,0,-1,0,0,0,0.2992,1.2537,-1.3173,1]},
{"frame":64,"values":[0,0.8253,0.5647,0,0,0.5647,-0.8253,0,-1,0,0,0,0.2992,1.2537,-1.3173,1]},
{"frame":65,"values":[0,0.73,0.6835,0,0,0.6835,-0.73,0,-1,0,0,0,0.2992,1.2537,-1.3173,1]},
{"frame":66,"values":[0,0.6268,0.7792,0,0,0.7792,-0.6268,0,-1,0,0,0,0.2992,1.2537,-1.3173,1]},
{"frame":67,"values":[0,0.53,0.848,0,0,0.848,-0.53,0,-1,0,0,0,0.2992,1.2537,-1.3173,1]},
{"frame":68,"values":[0,0.4501,0.893,0,0,0.893,-0.4501,0,-1,0,0,0,0.2992,1.2537,-1.3173,1]},
{"frame":69,"values":[0,0.392,0.92,0,0,0.92,-0.392,0,-1,0,0,0,0.2992,1.2537,-1.3173,1]},
{"frame":70,"values":[0,0.3556,0.9347,0,0,0.9347,-0.3556,0,-1,0,0,0,0.2992,1.2537,-1.3173,1]},
{"frame":71,"values":[0,0.3378,0.9412,0,0,0.9412,-0.3378,0,-1,0,0,0,0.2992,1.2537,-1.3173,1]},
{"frame":72,"values":[0,0.3342,0.9425,0,0,0.9425,-0.3342,0,-1,0,0,0,0.2992,1.2537,-1.3173,1]},
{"frame":73,"values":[0,0.339,0.9408,0,0,0.9408,-0.339,0,-1,0,0,0,0.2992,1.2537,-1.3173,1]},
{"frame":74,"values":[0,0.3462,0.9381,0,0,0.9381,-0.3462,0,-1,0,0,0,0.2992,1.2537,-1.3173,1]},
{"frame":75,"values":[0,0.3498,0.9368,0,0,0.9368,-0.3498,0,-1,0,0,0,0.2992,1.2537,-1.3173,1]},
{"frame":76,"values":[0,0.3533,0.9355,0,0,0.9355,-0.3533,0,-1,0,0,0,0.2992,1.2537,-1.3173,1]},
{"frame":77,"values":[0,0.3656,0.9308,0,0,0.9308,-0.3656,0,-1,0,0,0,0.2992,1.2537,-1.3173,1]},
{"frame":78,"values":[0,0.3914,0.9202,0,0,0.9202,-0.3914,0,-1,0,0,0,0.2992,1.2537,-1.3173,1]},
{"frame":79,"values":[0,0.4362,0.8999,0,0,0.8999,-0.4362,0,-1,0,0,0,0.2992,1.2537,-1.3173,1]},
{"frame":80,"values":[0,0.5032,0.8642,0,0,0.8642,-0.5032,0,-1,0,0,0,0.2992,1.2537,-1.3173,1]},
{"frame":81,"values":[0,0.5908,0.8068,0,0,0.8068,-0.5908,0,-1,0,0,0,0.2992,1.2537,-1.3173,1]},
{"frame":82,"values":[0,0.6905,0.7233,0,0,0.7233,-0.6905,0,-1,0,0,0,0.2992,1.2537,-1.3173,1]},
{"frame":83,"values":[0,0.789,0.6144,0,0,0.6144,-0.789,0,-1,0,0,0,0.2992,1.2537,-1.3173,1]},
{"frame":84,"values":[0,0.8737,0.4864,0,0,0.4864,-0.8737,0,-1,0,0,0,0.2992,1.2537,-1.3173,1]},
{"frame":85,"values":[0,0.937,0.3495,0,0,0.3495,-0.937,0,-1,0,0,0,0.2992,1.2537,-1.3173,1]},
{"frame":86,"values":[0,0.9769,0.2136,0,0,0.2136,-0.9769,0,-1,0,0,0,0.2992,1.2537,-1.3173,1]},
{"frame":87,"values":[0,0.9962,0.0873,0,0,0.0873,-0.9962,0,-1,0,0,0,0.2992,1.2537,-1.3173,1]},
{"frame":88,"values":[0,0.9998,-0.0213,0,0,-0.0213,-0.9998,0,-1,0,0,0,0.2992,1.2537,-1.3173,1]},
{"frame":89,"values":[0,0.9948,-0.1015,0,0,-0.1015,-0.9948,0,-1,0,0,0,0.2992,1.2537,-1.3173,1]},
{"frame":90,"values":[0,0.9911,-0.1333,0,0,-0.1333,-0.9911,0,-1,0,0,0,0.2992,1.2537,-1.3173,1]},
{"frame":91,"values":[0,0.9931,-0.1173,0,0,-0.1173,-0.9931,0,-1,0,0,0,0.2992,1.2537,-1.3173,1]},
{"frame":92,"values":[0,0.997,-0.0777,0,0,-0.0777,-0.997,0,-1,0,0,0,0.2992,1.2537,-1.3173,1]},
{"frame":93,"values":[0,0.9996,-0.0272,0,0,-0.0272,-0.9996,0,-1,0,0,0,0.2992,1.2537,-1.3173,1]},
{"frame":94,"values":[0,0.9997,0.0261,0,0,0.0261,-0.9997,0,-1,0,0,0,0.2992,1.2537,-1.3173,1]},
{"frame":95,"values":[0,0.997,0.0778,0,0,0.0778,-0.997,0,-1,0,0,0,0.2992,1.2537,-1.3173,1]},
{"frame":96,"values":[0,0.9922,0.1248,0,0,0.1248,-0.9922,0,-1,0,0,0,0.2992,1.2537,-1.3173,1]},
{"frame":97,"values":[0,0.9862,0.1653,0,0,0.1653,-0.9862,0,-1,0,0,0,0.2992,1.2537,-1.3173,1]},
{"frame":98,"values":[0,0.9803,0.1977,0,0,0.1977,-0.9803,0,-1,0,0,0,0.2992,1.2537,-1.3173,1]},
{"frame":99,"values":[0,0.9751,0.2217,0,0,0.2217,-0.9751,0,-1,0,0,0,0.2992,1.2537,-1.3173,1]},
{"frame":100,"values":[0,0.9714,0.2376,0,0,0.2376,-0.9714,0,-1,0,0,0,0.2992,1.2537,-1.3173,1]},
{"frame":101,"values":[0,0.9691,0.2468,0,0,0.2468,-0.9691,0,-1,0,0,0,0.2992,1.2537,-1.3173,1]},
{"frame":102,"values":[0,0.968,0.251,0,0,0.251,-0.968,0,-1,0,0,0,0.2992,1.2537,-1.3173,1]},
{"frame":103,"values":[0,0.9677,0.2522,0,0,0.2522,-0.9677,0,-1,0,0,0,0.2992,1.2537,-1.3173,1]},
{"frame":104,"values":[0,0.9677,0.2521,0,0,0.2521,-0.9677,0,-1,0,0,0,0.2992,1.2537,-1.3173,1]},
{"frame":105,"values":[0,0.9677,0.2519,0,0,0.2519,-0.9677,0,-1,0,0,0,0.2992,1.2537,-1.3173,1]},
{"frame":106,"values":[0,0.9677,0.252,0,0,0.252,-0.9677,0,-1,0,0,0,0.2992,1.2537,-1.3173,1]},
{"frame":107,"values":[0,0.9677,0.2521,0,0,0.2521,-0.9677,0,-1,0,0,0,0.2992,1.2537,-1.3173,1]},
{"frame":108,"values":[0,0.9677,0.2522,0,0,0.2522,-0.9677,0,-1,0,0,0,0.2992,1.2537,-1.3173,1]},
{"frame":110,"values":[0,0.9678,0.2518,0,0,0.2518,-0.9678,0,-1,0,0,0,0.2992,1.2537,-1.3173,1]},
{"frame":111,"values":[0,0.968,0.2509,0,0,0.2509,-0.968,0,-1,0,0,0,0.2992,1.2537,-1.3173,1]},
{"frame":112,"values":[0,0.9684,0.2493,0,0,0.2493,-0.9684,0,-1,0,0,0,0.2992,1.2537,-1.3173,1]},
{"frame":113,"values":[0,0.969,0.2472,0,0,0.2472,-0.969,0,-1,0,0,0,0.2992,1.2537,-1.3173,1]},
{"frame":114,"values":[0,0.9696,0.2447,0,0,0.2447,-0.9696,0,-1,0,0,0,0.2992,1.2537,-1.3173,1]},
{"frame":115,"values":[0,0.9703,0.2418,0,0,0.2418,-0.9703,0,-1,0,0,0,0.2992,1.2537,-1.3173,1]},
{"frame":116,"values":[0,0.971,0.239,0,0,0.239,-0.971,0,-1,0,0,0,0.2992,1.2537,-1.3173,1]},
{"frame":117,"values":[0,0.9716,0.2365,0,0,0.2365,-0.9716,0,-1,0,0,0,0.2992,1.2537,-1.3173,1]},
{"frame":118,"values":[0,0.9721,0.2346,0,0,0.2346,-0.9721,0,-1,0,0,0,0.2992,1.2537,-1.3173,1]},
{"frame":119,"values":[0,0.9724,0.2334,0,0,0.2334,-0.9724,0,-1,0,0,0,0.2992,1.2537,-1.3173,1]},
{"frame":120,"values":[0,0.9725,0.2329,0,0,0.2329,-0.9725,0,-1,0,0,0,0.2992,1.2537,-1.3173,1]}],"loopBehavior":1,"name":"anim","property":"_matrix"}},
{"name":"bone.foot.front.r","index":16,"matrix":[0,0,-1,0,-0.9979,0.0645,0,0,0.0645,0.9979,0,0,0,1.0028,0,1],"rest":[0,0,-1,0,-0.1485,0.9889,0,0,0.9889,0.1485,0,0,0,1.0028,0,1],"parentBoneIndex":15,"length":0.6543
,"animation":{"dataType":3,"framePerSecond":60,"keys":[
{"frame":0,"values":[0,0,-1,0,-0.1028,0.9947,0,0,0.9947,0.1028,0,0,0,1.0028,0,1]},
{"frame":61,"values":[0,0,-1,0,-0.9986,-0.0537,0,0,-0.0537,0.9986,0,0,0,1.0028,0,1]},
{"frame":62,"values":[0,0,-1,0,-0.9814,-0.1921,0,0,-0.1921,0.9814,0,0,0,1.0028,0,1]},
{"frame":63,"values":[0,0,-1,0,-0.9571,-0.2896,0,0,-0.2896,0.9571,0,0,0,1.0028,0,1]},
{"frame":64,"values":[0,0,-1,0,-0.9389,-0.3441,0,0,-0.3441,0.9389,0,0,0,1.0028,0,1]},
{"frame":65,"values":[0,0,-1,0,-0.9346,-0.3558,0,0,-0.3558,0.9346,0,0,0,1.0028,0,1]},
{"frame":66,"values":[0,0,-1,0,-0.9448,-0.3275,0,0,-0.3275,0.9448,0,0,0,1.0028,0,1]},
{"frame":67,"values":[0,0,-1,0,-0.9644,-0.2644,0,0,-0.2644,0.9644,0,0,0,1.0028,0,1]},
{"frame":68,"values":[0,0,-1,0,-0.985,-0.1727,0,0,-0.1727,0.985,0,0,0,1.0028,0,1]},
{"frame":69,"values":[0,0,-1,0,-0.9982,-0.06,0,0,-0.06,0.9982,0,0,0,1.0028,0,1]},
{"frame":70,"values":[0,0,-1,0,-0.9979,0.0645,0,0,0.0645,0.9979,0,0,0,1.0028,0,1]},
{"frame":71,"values":[0,0,-1,0,-0.9815,0.1916,0,0,0.1916,0.9815,0,0,0,1.0028,0,1]},
{"frame":72,"values":[0,0,-1,0,-0.9505,0.3106,0,0,0.3106,0.9505,0,0,0,1.0028,0,1]},
{"frame":73,"values":[0,0,-1,0,-0.912,0.4102,0,0,0.4102,0.912,0,0,0,1.0028,0,1]},
{"frame":74,"values":[0,0,-1,0,-0.878,0.4787,0,0,0.4787,0.878,0,0,0,1.0028,0,1]},
{"frame":75,"values":[0,0,-1,0,-0.8636,0.5043,0,0,0.5043,0.8636,0,0,0,1.0028,0,1]},
{"frame":76,"values":[0,0,-1,0,-0.8719,0.4897,0,0,0.4897,0.8719,0,0,0,1.0028,0,1]},
{"frame":77,"values":[0,0,-1,0,-0.8942,0.4476,0,0,0.4476,0.8942,0,0,0,1.0028,0,1]},
{"frame":78,"values":[0,0,-1,0,-0.9228,0.3854,0,0,0.3854,0.9228,0,0,0,1.0028,0,1]},
{"frame":79,"values":[0,0,-1,0,-0.949,0.3152,0,0,0.3152,0.949,0,0,0,1.0028,0,1]},
{"frame":80,"values":[0,0,-1,0,-0.9675,0.2529,0,0,0.2529,0.9675,0,0,0,1.0028,0,1]},
{"frame":81,"values":[0,0,-1,0,-0.9764,0.2158,0,0,0.2158,0.9764,0,0,0,1.0028,0,1]},
{"frame":82,"values":[0,0,-1,0,-0.9761,0.2175,0,0,0.2175,0.9761,0,0,0,1.0028,0,1]},
{"frame":83,"values":[0,0,-1,0,-0.9643,0.2648,0,0,0.2648,0.9643,0,0,0,1.0028,0,1]},
{"frame":84,"values":[0,0,-1,0,-0.9347,0.3555,0,0,0.3555,0.9347,0,0,0,1.0028,0,1]},
{"frame":85,"values":[0,0,-1,0,-0.8786,0.4776,0,0,0.4776,0.8786,0,0,0,1.0028,0,1]},
{"frame":86,"values":[0,0,-1,0,-0.7898,0.6133,0,0,0.6133,0.7898,0,0,0,1.0028,0,1]},
{"frame":87,"values":[0,0,-1,0,-0.6695,0.7428,0,0,0.7428,0.6695,0,0,0,1.0028,0,1]},
{"frame":88,"values":[0,0,-1,0,-0.5301,0.8479,0,0,0.8479,0.5301,0,0,0,1.0028,0,1]},
{"frame":89,"values":[0,0,-1,0,-0.4019,0.9157,0,0,0.9157,0.4019,0,0,0,1.0028,0,1]},
{"frame":90,"values":[0,0,-1,0,-0.3443,0.9389,0,0,0.9389,0.3443,0,0,0,1.0028,0,1]},
{"frame":91,"values":[0,0,-1,0,-0.3846,0.9231,0,0,0.9231,0.3846,0,0,0,1.0028,0,1]},
{"frame":92,"values":[0,0,-1,0,-0.4827,0.8758,0,0,0.8758,0.4827,0,0,0,1.0028,0,1]},
{"frame":93,"values":[0,0,-1,0,-0.6021,0.7984,0,0,0.7984,0.6021,0,0,0,1.0028,0,1]},
{"frame":94,"values":[0,0,-1,0,-0.7195,0.6944,0,0,0.6944,0.7195,0,0,0,1.0028,0,1]},
{"frame":95,"values":[0,0,-1,0,-0.822,0.5695,0,0,0.5695,0.822,0,0,0,1.0028,0,1]},
{"frame":96,"values":[0,0,-1,0,-0.9023,0.4312,0,0,0.4312,0.9023,0,0,0,1.0028,0,1]},
{"frame":97,"values":[0,0,-1,0,-0.9576,0.288,0,0,0.288,0.9576,0,0,0,1.0028,0,1]},
{"frame":98,"values":[0,0,-1,0,-0.9889,0.1488,0,0,0.1488,0.9889,0,0,0,1.0028,0,1]},
{"frame":99,"values":[0,0,-1,0,-0.9998,0.0208,0,0,0.0208,0.9998,0,0,0,1.0028,0,1]},
{"frame":100,"values":[0,0,-1,0,-0.9959,-0.0901,0,0,-0.0901,0.9959,0,0,0,1.0028,0,1]},
{"frame":101,"values":[0,0,-1,0,-0.9834,-0.1812,0,0,-0.1812,0.9834,0,0,0,1.0028,0,1]},
{"frame":102,"values":[0,0,-1,0,-0.968,-0.2509,0,0,-0.2509,0.968,0,0,0,1.0028,0,1]},
{"frame":103,"values":[0,0,-1,0,-0.9541,-0.2996,0,0,-0.2996,0.9541,0,0,0,1.0028,0,1]},
{"frame":104,"values":[0,0,-1,0,-0.9447,-0.328,0,0,-0.328,0.9447,0,0,0,1.0028,0,1]},
{"frame":105,"values":[0,0,-1,0,-0.9414,-0.3373,0,0,-0.3373,0.9414,0,0,0,1.0028,0,1]},
{"frame":106,"values":[0,0,-1,0,-0.9423,-0.3347,0,0,-0.3347,0.9423,0,0,0,1.0028,0,1]},
{"frame":107,"values":[0,0,-1,0,-0.945,-0.327,0,0,-0.327,0.945,0,0,0,1.0028,0,1]},
{"frame":108,"values":[0,0,-1,0,-0.9494,-0.3141,0,0,-0.3141,0.9494,0,0,0,1.0028,0,1]},
{"frame":109,"values":[0,0,-1,0,-0.9551,-0.2962,0,0,-0.2962,0.9551,0,0,0,1.0028,0,1]},
{"frame":110,"values":[0,0,-1,0,-0.9619,-0.2735,0,0,-0.2735,0.9619,0,0,0,1.0028,0,1]},
{"frame":111,"values":[0,0,-1,0,-0.9691,-0.2468,0,0,-0.2468,0.9691,0,0,0,1.0028,0,1]},
{"frame":112,"values":[0,0,-1,0,-0.9761,-0.2173,0,0,-0.2173,0.9761,0,0,0,1.0028,0,1]},
{"frame":113,"values":[0,0,-1,0,-0.9825,-0.1863,0,0,-0.1863,0.9825,0,0,0,1.0028,0,1]},
{"frame":114,"values":[0,0,-1,0,-0.9878,-0.1556,0,0,-0.1556,0.9878,0,0,0,1.0028,0,1]},
{"frame":115,"values":[0,0,-1,0,-0.9919,-0.1269,0,0,-0.1269,0.9919,0,0,0,1.0028,0,1]},
{"frame":116,"values":[0,0,-1,0,-0.9948,-0.1015,0,0,-0.1015,0.9948,0,0,0,1.0028,0,1]},
{"frame":117,"values":[0,0,-1,0,-0.9967,-0.0809,0,0,-0.0809,0.9967,0,0,0,1.0028,0,1]},
{"frame":118,"values":[0,0,-1,0,-0.9978,-0.0658,0,0,-0.0658,0.9978,0,0,0,1.0028,0,1]},
{"frame":119,"values":[0,0,-1,0,-0.9984,-0.0567,0,0,-0.0567,0.9984,0,0,0,1.0028,0,1]},
{"frame":120,"values":[0,0,-1,0,-0.9986,-0.0537,0,0,-0.0537,0.9986,0,0,0,1.0028,0,1]}],"loopBehavior":1,"name":"anim","property":"_matrix"}},
{"name":"bone.neck","index":17,"matrix":[1,0,0,0,0,0.9567,-0.2911,0,0,0.2911,0.9567,0,0,1.6785,0,1],"rest":[1,0,0,0,0,0.9817,0.1903,0,0,-0.1903,0.9817,0,0,1.6785,0,1],"parentBoneIndex":14,"length":1.3235
,"animation":{"dataType":3,"framePerSecond":60,"keys":[
{"frame":0,"values":[1,0,0,0,0,0.9817,0.1903,0,0,-0.1903,0.9817,0,0,1.6785,0,1]},
{"frame":1,"values":[1,0,0,0,0,0.9817,0.1902,0,0,-0.1902,0.9817,0,0,1.6785,0,1]},
{"frame":2,"values":[1,0,0,0,0,0.9818,0.1898,0,0,-0.1898,0.9818,0,0,1.6785,0,1]},
{"frame":3,"values":[1,0,0,0,0,0.982,0.1891,0,0,-0.1891,0.982,0,0,1.6785,0,1]},
{"frame":4,"values":[1,0,0,0,0,0.9822,0.1881,0,0,-0.1881,0.9822,0,0,1.6785,0,1]},
{"frame":5,"values":[1,0,0,0,0,0.9824,0.1868,0,0,-0.1868,0.9824,0,0,1.6785,0,1]},
{"frame":6,"values":[1,0,0,0,0,0.9827,0.1852,0,0,-0.1852,0.9827,0,0,1.6785,0,1]},
{"frame":7,"values":[1,0,0,0,0,0.983,0.1833,0,0,-0.1833,0.983,0,0,1.6785,0,1]},
{"frame":8,"values":[1,0,0,0,0,0.9834,0.1812,0,0,-0.1812,0.9834,0,0,1.6785,0,1]},
{"frame":9,"values":[1,0,0,0,0,0.9839,0.1789,0,0,-0.1789,0.9839,0,0,1.6785,0,1]},
{"frame":10,"values":[1,0,0,0,0,0.9843,0.1763,0,0,-0.1763,0.9843,0,0,1.6785,0,1]},
{"frame":11,"values":[1,0,0,0,0,0.9848,0.1736,0,0,-0.1736,0.9848,0,0,1.6785,0,1]},
{"frame":12,"values":[1,0,0,0,0,0.9853,0.1706,0,0,-0.1706,0.9853,0,0,1.6785,0,1]},
{"frame":13,"values":[1,0,0,0,0,0.9859,0.1676,0,0,-0.1676,0.9859,0,0,1.6785,0,1]},
{"frame":14,"values":[1,0,0,0,0,0.9864,0.1645,0,0,-0.1645,0.9864,0,0,1.6785,0,1]},
{"frame":15,"values":[1,0,0,0,0,0.9869,0.1613,0,0,-0.1613,0.9869,0,0,1.6785,0,1]},
{"frame":16,"values":[1,0,0,0,0,0.9874,0.1581,0,0,-0.1581,0.9874,0,0,1.6785,0,1]},
{"frame":17,"values":[1,0,0,0,0,0.9879,0.155,0,0,-0.155,0.9879,0,0,1.6785,0,1]},
{"frame":18,"values":[1,0,0,0,0,0.9884,0.1519,0,0,-0.1519,0.9884,0,0,1.6785,0,1]},
{"frame":19,"values":[1,0,0,0,0,0.9888,0.149,0,0,-0.149,0.9888,0,0,1.6785,0,1]},
{"frame":20,"values":[1,0,0,0,0,0.9893,0.1462,0,0,-0.1462,0.9893,0,0,1.6785,0,1]},
{"frame":21,"values":[1,0,0,0,0,0.9896,0.1436,0,0,-0.1436,0.9896,0,0,1.6785,0,1]},
{"frame":22,"values":[1,0,0,0,0,0.99,0.1413,0,0,-0.1413,0.99,0,0,1.6785,0,1]},
{"frame":23,"values":[1,0,0,0,0,0.9903,0.1391,0,0,-0.1391,0.9903,0,0,1.6785,0,1]},
{"frame":24,"values":[1,0,0,0,0,0.9905,0.1373,0,0,-0.1373,0.9905,0,0,1.6785,0,1]},
{"frame":25,"values":[1,0,0,0,0,0.9908,0.1357,0,0,-0.1357,0.9908,0,0,1.6785,0,1]},
{"frame":26,"values":[1,0,0,0,0,0.9909,0.1344,0,0,-0.1344,0.9909,0,0,1.6785,0,1]},
{"frame":27,"values":[1,0,0,0,0,0.9911,0.1334,0,0,-0.1334,0.9911,0,0,1.6785,0,1]},
{"frame":28,"values":[1,0,0,0,0,0.9912,0.1326,0,0,-0.1326,0.9912,0,0,1.6785,0,1]},
{"frame":29,"values":[1,0,0,0,0,0.9912,0.1322,0,0,-0.1322,0.9912,0,0,1.6785,0,1]},
{"frame":30,"values":[1,0,0,0,0,0.9912,0.1321,0,0,-0.1321,0.9912,0,0,1.6785,0,1]},
{"frame":31,"values":[1,0,0,0,0,0.9912,0.1322,0,0,-0.1322,0.9912,0,0,1.6785,0,1]},
{"frame":32,"values":[1,0,0,0,0,0.9911,0.1327,0,0,-0.1327,0.9911,0,0,1.6785,0,1]},
{"frame":33,"values":[1,0,0,0,0,0.991,0.1336,0,0,-0.1336,0.991,0,0,1.6785,0,1]},
{"frame":34,"values":[1,0,0,0,0,0.9909,0.1347,0,0,-0.1347,0.9909,0,0,1.6785,0,1]},
