{"producer":{"name":"Blender","version":"2.79 (sub 0)","exporter_version":"5.6.4","file":"horse.babylon"},
"autoClear":true,"clearColor":[0.0509,0.0509,0.0509],"ambientColor":[0,0,0],"gravity":[0,-9.81,0],
"materials":[{"name":"horse.Material.001","id":"horse.Material.001","ambient":[1,0.5979,0.2251],"diffuse":[1,0.5979,0.2251],"specular":[0,0,0],"emissive":[0,0,0],"specularPower":50,"alpha":1,"backFaceCulling":true,"checkReadyOnlyOnce":false,"maxSimultaneousLights":4},
{"name":"horse.Material.002","id":"horse.Material.002","ambient":[0.1789,0.0777,0.0257],"diffuse":[0.1789,0.0777,0.0257],"specular":[0,0,0],"emissive":[0,0,0],"specularPower":50,"alpha":1,"backFaceCulling":true,"checkReadyOnlyOnce":false,"maxSimultaneousLights":4},
{"name":"horse.Material.003","id":"horse.Material.003","ambient":[0.5705,0.5705,0.5705],"diffuse":[0.5705,0.5705,0.5705],"specular":[0,0,0],"emissive":[0,0,0],"specularPower":50,"alpha":1,"backFaceCulling":true,"checkReadyOnlyOnce":false,"maxSimultaneousLights":4}],
"multiMaterials":[{"name":"horse.Multimaterial#0","id":"horse.Multimaterial#0","materials":["horse.Material.001","horse.Material.002","horse.Material.003"]}],
"skeletons":[{"name":"Armature","id":0,"dimensionsAtRest":[-20000,-20000,-20000],"bones":[]
,"ranges":[{"name":"Armature.001Action.001","from":0,"to":120}]},{"name":"Armature.001","id":1,"dimensionsAtRest":[0.535,4.3253,4.9422],"bones":[
{"name":"Root","index":0,"matrix":[-1,0,0,0,0,0,-1,0,0,1,0,0,-0.0161,-0.3325,1.0379,1],"rest":[-1,0,0,0,0,0,-1,0,0,1,0,0,-0.0161,-0.3325,1.0379,1],"parentBoneIndex":-1,"length":0.805
,"animation":{"dataType":3,"framePerSecond":60,"keys":[
{"frame":0,"values":[-1,0,0,0,0,0,-1,0,0,1,0,0,-0.0161,-0.3325,1.0379,1]},
{"frame":120,"values":[-1,0,0,0,0,0,-1,0,0,1,0,0,-0.0161,-0.3325,1.0379,1]}],"loopBehavior":1,"name":"anim","property":"_matrix"}},
{"name":"bone.foot.front.l.001 ik","index":1,"matrix":[1,0,0,0,0,1,0,0,0,0,1,0,-0.2602,2.2198,0.5477,1],"rest":[1,0,0,0,0,1,0,0,0,0,1,0,-0.2602,1.6331,0.3651,1],"parentBoneIndex":0,"length":0.4051
,"animation":{"dataType":3,"framePerSecond":60,"keys":[
{"frame":0,"values":[1,0,0,0,0,1,0,0,0,0,1,0,-0.2602,1.5345,0.3451,1]},
{"frame":60,"values":[1,0,0,0,0,1,0,0,0,0,1,0,-0.2602,0.4127,1.0988,1]},
{"frame":61,"values":[1,0,0,0,0,1,0,0,0,0,1,0,-0.2602,0.4837,1.0987,1]},
{"frame":62,"values":[1,0,0,0,0,1,0,0,0,0,1,0,-0.2602,0.6098,1.0981,1]},
{"frame":63,"values":[1,0,0,0,0,1,0,0,0,0,1,0,-0.2602,0.7532,1.097,1]},
{"frame":64,"values":[1,0,0,0,0,1,0,0,0,0,1,0,-0.2602,0.9029,1.0955,1]},
{"frame":65,"values":[1,0,0,0,0,1,0,0,0,0,1,0,-0.2602,1.0534,1.0934,1]},
{"frame":66,"values":[1,0,0,0,0,1,0,0,0,0,1,0,-0.2602,1.2015,1.0907,1]},
{"frame":67,"values":[1,0,0,0,0,1,0,0,0,0,1,0,-0.2602,1.345,1.0875,1]},
{"frame":68,"values":[1,0,0,0,0,1,0,0,0,0,1,0,-0.2602,1.4818,1.0837,1]},
{"frame":69,"values":[1,0,0,0,0,1,0,0,0,0,1,0,-0.2602,1.6102,1.0791,1]},
{"frame":70,"values":[1,0,0,0,0,1,0,0,0,0,1,0,-0.2602,1.7285,1.0739,1]},
{"frame":71,"values":[1,0,0,0,0,1,0,0,0,0,1,0,-0.2602,1.835,1.0678,1]},
{"frame":72,"values":[1,0,0,0,0,1,0,0,0,0,1,0,-0.2602,1.9274,1.0609,1]},
{"frame":73,"values":[1,0,0,0,0,1,0,0,0,0,1,0,-0.2602,2.0036,1.0529,1]},
{"frame":74,"values":[1,0,0,0,0,1,0,0,0,0,1,0,-0.2602,2.0605,1.0438,1]},
{"frame":75,"values":[1,0,0,0,0,1,0,0,0,0,1,0,-0.2602,2.0947,1.0334,1]},
{"frame":76,"values":[1,0,0,0,0,1,0,0,0,0,1,0,-0.2602,2.1153,1.0199,1]},
{"frame":77,"values":[1,0,0,0,0,1,0,0,0,0,1,0,-0.2602,2.1344,1.0016,1]},
{"frame":78,"values":[1,0,0,0,0,1,0,0,0,0,1,0,-0.2602,2.1518,0.9784,1]},
{"frame":79,"values":[1,0,0,0,0,1,0,0,0,0,1,0,-0.2602,2.1671,0.9504,1]},
{"frame":80,"values":[1,0,0,0,0,1,0,0,0,0,1,0,-0.2602,2.1804,0.9178,1]},
{"frame":81,"values":[1,0,0,0,0,1,0,0,0,0,1,0,-0.2602,2.1915,0.8813,1]},
{"frame":82,"values":[1,0,0,0,0,1,0,0,0,0,1,0,-0.2602,2.2005,0.8418,1]},
{"frame":83,"values":[1,0,0,0,0,1,0,0,0,0,1,0,-0.2602,2.2073,0.8004,1]},
{"frame":84,"values":[1,0,0,0,0,1,0,0,0,0,1,0,-0.2602,2.2123,0.7583,1]},
{"frame":85,"values":[1,0,0,0,0,1,0,0,0,0,1,0,-0.2602,2.2157,0.7167,1]},
{"frame":86,"values":[1,0,0,0,0,1,0,0,0,0,1,0,-0.2602,2.2178,0.6769,1]},
{"frame":87,"values":[1,0,0,0,0,1,0,0,0,0,1,0,-0.2602,2.219,0.6396,1]},
{"frame":88,"values":[1,0,0,0,0,1,0,0,0,0,1,0,-0.2602,2.2196,0.6054,1]},
{"frame":89,"values":[1,0,0,0,0,1,0,0,0,0,1,0,-0.2602,2.2198,0.5747,1]},
{"frame":90,"values":[1,0,0,0,0,1,0,0,0,0,1,0,-0.2602,2.2198,0.5477,1]},
{"frame":91,"values":[1,0,0,0,0,1,0,0,0,0,1,0,-0.2602,2.2025,0.5222,1]},
{"frame":92,"values":[1,0,0,0,0,1,0,0,0,0,1,0,-0.2602,2.1501,0.4961,1]},
{"frame":93,"values":[1,0,0,0,0,1,0,0,0,0,1,0,-0.2602,2.063,0.4697,1]},
{"frame":94,"values":[1,0,0,0,0,1,0,0,0,0,1,0,-0.2602,1.9429,0.4434,1]},
{"frame":95,"values":[1,0,0,0,0,1,0,0,0,0,1,0,-0.2602,1.7934,0.4174,1]},
{"frame":96,"values":[1,0,0,0,0,1,0,0,0,0,1,0,-0.2602,1.6207,0.3925,1]},
{"frame":97,"values":[1,0,0,0,0,1,0,0,0,0,1,0,-0.2602,1.4327,0.3691,1]},
{"frame":98,"values":[1,0,0,0,0,1,0,0,0,0,1,0,-0.2602,1.2392,0.3478,1]},
{"frame":99,"values":[1,0,0,0,0,1,0,0,0,0,1,0,-0.2602,1.0505,0.329,1]},
{"frame":100,"values":[1,0,0,0,0,1,0,0,0,0,1,0,-0.2602,0.8764,0.3132,1]},
{"frame":101,"values":[1,0,0,0,0,1,0,0,0,0,1,0,-0.2602,0.7249,0.3004,1]},
{"frame":102,"values":[1,0,0,0,0,1,0,0,0,0,1,0,-0.2602,0.6022,0.2907,1]},
{"frame":103,"values":[1,0,0,0,0,1,0,0,0,0,1,0,-0.2602,0.5121,0.2841,1]},
{"frame":104,"values":[1,0,0,0,0,1,0,0,0,0,1,0,-0.2602,0.4563,0.2803,1]},
{"frame":105,"values":[1,0,0,0,0,1,0,0,0,0,1,0,-0.2602,0.4353,0.279,1]},
{"frame":106,"values":[1,0,0,0,0,1,0,0,0,0,1,0,-0.2602,0.4316,0.2871,1]},
{"frame":107,"values":[1,0,0,0,0,1,0,0,0,0,1,0,-0.2602,0.4281,0.3114,1]},
{"frame":108,"values":[1,0,0,0,0,1,0,0,0,0,1,0,-0.2602,0.425,0.3519,1]},
{"frame":109,"values":[1,0,0,0,0,1,0,0,0,0,1,0,-0.2602,0.4222,0.4077,1]},
{"frame":110,"values":[1,0,0,0,0,1,0,0,0,0,1,0,-0.2602,0.4198,0.4771,1]},
{"frame":111,"values":[1,0,0,0,0,1,0,0,0,0,1,0,-0.2602,0.4178,0.5571,1]},
{"frame":112,"values":[1,0,0,0,0,1,0,0,0,0,1,0,-0.2602,0.4162,0.6442,1]},
{"frame":113,"values":[1,0,0,0,0,1,0,0,0,0,1,0,-0.2602,0.415,0.7336,1]},
{"frame":114,"values":[1,0,0,0,0,1,0,0,0,0,1,0,-0.2602,0.4141,0.8207,1]},
{"frame":115,"values":[1,0,0,0,0,1,0,0,0,0,1,0,-0.2602,0.4134,0.9008,1]},
{"frame":116,"values":[1,0,0,0,0,1,0,0,0,0,1,0,-0.2602,0.4131,0.9701,1]},
{"frame":117,"values":[1,0,0,0,0,1,0,0,0,0,1,0,-0.2602,0.4128,1.0259,1]},
{"frame":118,"values":[1,0,0,0,0,1,0,0,0,0,1,0,-0.2602,0.4127,1.0664,1]},
{"frame":119,"values":[1,0,0,0,0,1,0,0,0,0,1,0,-0.2602,0.4127,1.0907,1]},
{"frame":120,"values":[1,0,0,0,0,1,0,0,0,0,1,0,-0.2602,0.4127,1.0988,1]}],"loopBehavior":1,"name":"anim","property":"_matrix"}},
{"name":"left front foot","index":2,"matrix":[-1,0,0,0,0,-1,0,0,0,0,1,0,0,0,0,1],"rest":[-1,0,0,0,0,-1,0,0,0,0,1,0,0,0,0,1],"parentBoneIndex":1,"length":0.2705
,"animation":{"dataType":3,"framePerSecond":60,"keys":[
{"frame":0,"values":[-1,0,0,0,0,-1,0,0,0,0,1,0,0,0,0,1]},
{"frame":120,"values":[-1,0,0,0,0,-1,0,0,0,0,1,0,0,0,0,1]}],"loopBehavior":1,"name":"anim","property":"_matrix"}},
{"name":"bone.foot.front.l.002 knee","index":3,"matrix":[1,0,0,0,0,0,1,0,0,-1,0,0,0,0.6778,0.6311,1],"rest":[1,0,0,0,0,0,1,0,0,-1,0,0,0,0.5306,0.5462,1],"parentBoneIndex":1,"length":0.4051
,"animation":{"dataType":3,"framePerSecond":60,"keys":[
{"frame":0,"values":[1,0,0,0,0,0,1,0,0,-1,0,0,0,0.6778,0.6311,1]},
{"frame":120,"values":[1,0,0,0,0,0,1,0,0,-1,0,0,0,0.6778,0.6311,1]}],"loopBehavior":1,"name":"anim","property":"_matrix"}},
{"name":"bone.foot.front.r.001 ik","index":4,"matrix":[1,0,0,0,0,1,0,0,0,0,1,0,0.2215,1.0182,0.367,1],"rest":[1,0,0,0,0,1,0,0,0,0,1,0,0.2215,1.5998,0.3676,1],"parentBoneIndex":0,"length":0.4051
,"animation":{"dataType":3,"framePerSecond":60,"keys":[
{"frame":0,"values":[1,0,0,0,0,1,0,0,0,0,1,0,0.2215,1.5696,0.4051,1]},
{"frame":60,"values":[1,0,0,0,0,1,0,0,0,0,1,0,0.2215,1.9273,0.928,1]},
{"frame":61,"values":[1,0,0,0,0,1,0,0,0,0,1,0,0.2215,2.058,0.92,1]},
{"frame":62,"values":[1,0,0,0,0,1,0,0,0,0,1,0,0.2215,2.1347,0.9053,1]},
{"frame":63,"values":[1,0,0,0,0,1,0,0,0,0,1,0,0.2215,2.189,0.888,1]},
{"frame":64,"values":[1,0,0,0,0,1,0,0,0,0,1,0,0.2215,2.2301,0.8693,1]},
{"frame":65,"values":[1,0,0,0,0,1,0,0,0,0,1,0,0.2215,2.2622,0.8497,1]},
{"frame":66,"values":[1,0,0,0,0,1,0,0,0,0,1,0,0.2215,2.2877,0.8295,1]},
{"frame":67,"values":[1,0,0,0,0,1,0,0,0,0,1,0,0.2215,2.308,0.8091,1]},
{"frame":68,"values":[1,0,0,0,0,1,0,0,0,0,1,0,0.2215,2.3243,0.7884,1]},
{"frame":69,"values":[1,0,0,0,0,1,0,0,0,0,1,0,0.2215,2.3371,0.7677,1]},
{"frame":70,"values":[1,0,0,0,0,1,0,0,0,0,1,0,0.2215,2.3471,0.747,1]},
{"frame":71,"values":[1,0,0,0,0,1,0,0,0,0,1,0,0.2215,2.3547,0.7264,1]},
{"frame":72,"values":[1,0,0,0,0,1,0,0,0,0,1,0,0.2215,2.3601,0.7061,1]},
{"frame":73,"values":[1,0,0,0,0,1,0,0,0,0,1,0,0.2215,2.3637,0.6861,1]},
{"frame":74,"values":[1,0,0,0,0,1,0,0,0,0,1,0,0.2215,2.3657,0.6665,1]},
{"frame":75,"values":[1,0,0,0,0,1,0,0,0,0,1,0,0.2215,2.3663,0.6475,1]},
{"frame":76,"values":[1,0,0,0,0,1,0,0,0,0,1,0,0.2215,2.3565,0.6277,1]},
{"frame":77,"values":[1,0,0,0,0,1,0,0,0,0,1,0,0.2215,2.3263,0.6059,1]},
{"frame":78,"values":[1,0,0,0,0,1,0,0,0,0,1,0,0.2215,2.2755,0.5823,1]},
{"frame":79,"values":[1,0,0,0,0,1,0,0,0,0,1,0,0.2215,2.2043,0.5572,1]},
{"frame":80,"values":[1,0,0,0,0,1,0,0,0,0,1,0,0.2215,2.114,0.5311,1]},
{"frame":81,"values":[1,0,0,0,0,1,0,0,0,0,1,0,0.2215,2.007,0.5047,1]},
{"frame":82,"values":[1,0,0,0,0,1,0,0,0,0,1,0,0.2215,1.8872,0.4787,1]},
{"frame":83,"values":[1,0,0,0,0,1,0,0,0,0,1,0,0.2215,1.7592,0.454,1]},
{"frame":84,"values":[1,0,0,0,0,1,0,0,0,0,1,0,0.2215,1.6282,0.4315,1]},
{"frame":85,"values":[1,0,0,0,0,1,0,0,0,0,1,0,0.2215,1.4996,0.4119,1]},
{"frame":86,"values":[1,0,0,0,0,1,0,0,0,0,1,0,0.2215,1.378,0.3955,1]},
{"frame":87,"values":[1,0,0,0,0,1,0,0,0,0,1,0,0.2215,1.267,0.3828,1]},
{"frame":88,"values":[1,0,0,0,0,1,0,0,0,0,1,0,0.2215,1.1691,0.3739,1]},
{"frame":89,"values":[1,0,0,0,0,1,0,0,0,0,1,0,0.2215,1.0859,0.3687,1]},
{"frame":90,"values":[1,0,0,0,0,1,0,0,0,0,1,0,0.2215,1.0182,0.367,1]},
{"frame":91,"values":[1,0,0,0,0,1,0,0,0,0,1,0,0.2215,0.9593,0.3739,1]},
{"frame":92,"values":[1,0,0,0,0,1,0,0,0,0,1,0,0.2215,0.9029,0.3948,1]},
{"frame":93,"values":[1,0,0,0,0,1,0,0,0,0,1,0,0.2215,0.8494,0.4295,1]},
{"frame":94,"values":[1,0,0,0,0,1,0,0,0,0,1,0,0.2215,0.7995,0.4774,1]},
{"frame":95,"values":[1,0,0,0,0,1,0,0,0,0,1,0,0.2215,0.7539,0.5369,1]},
{"frame":96,"values":[1,0,0,0,0,1,0,0,0,0,1,0,0.2215,0.713,0.6057,1]},
{"frame":97,"values":[1,0,0,0,0,1,0,0,0,0,1,0,0.2215,0.6775,0.6804,1]},
{"frame":98,"values":[1,0,0,0,0,1,0,0,0,0,1,0,0.2215,0.6475,0.7572,1]},
{"frame":99,"values":[1,0,0,0,0,1,0,0,0,0,1,0,0.2215,0.6231,0.8319,1]},
{"frame":100,"values":[1,0,0,0,0,1,0,0,0,0,1,0,0.2215,0.604,0.9006,1]},
{"frame":101,"values":[1,0,0,0,0,1,0,0,0,0,1,0,0.2215,0.5896,0.9602,1]},
{"frame":102,"values":[1,0,0,0,0,1,0,0,0,0,1,0,0.2215,0.5796,1.0081,1]},
{"frame":103,"values":[1,0,0,0,0,1,0,0,0,0,1,0,0.2215,0.5731,1.0428,1]},
{"frame":104,"values":[1,0,0,0,0,1,0,0,0,0,1,0,0.2215,0.5697,1.0637,1]},
{"frame":105,"values":[1,0,0,0,0,1,0,0,0,0,1,0,0.2215,0.5686,1.0706,1]},
{"frame":106,"values":[1,0,0,0,0,1,0,0,0,0,1,0,0.2215,0.582,1.0692,1]},
{"frame":107,"values":[1,0,0,0,0,1,0,0,0,0,1,0,0.2215,0.6223,1.065,1]},
{"frame":108,"values":[1,0,0,0,0,1,0,0,0,0,1,0,0.2215,0.6894,1.0579,1]},
{"frame":109,"values":[1,0,0,0,0,1,0,0,0,0,1,0,0.2215,0.7819,1.0482,1]},
{"frame":110,"values":[1,0,0,0,0,1,0,0,0,0,1,0,0.2215,0.8968,1.0362,1]},
{"frame":111,"values":[1,0,0,0,0,1,0,0,0,0,1,0,0.2215,1.0296,1.0222,1]},
{"frame":112,"values":[1,0,0,0,0,1,0,0,0,0,1,0,0.2215,1.1739,1.0071,1]},
{"frame":113,"values":[1,0,0,0,0,1,0,0,0,0,1,0,0.2215,1.3221,0.9915,1]},
{"frame":114,"values":[1,0,0,0,0,1,0,0,0,0,1,0,0.2215,1.4664,0.9764,1]},
{"frame":115,"values":[1,0,0,0,0,1,0,0,0,0,1,0,0.2215,1.5991,0.9624,1]},
{"frame":116,"values":[1,0,0,0,0,1,0,0,0,0,1,0,0.2215,1.7141,0.9504,1]},
{"frame":117,"values":[1,0,0,0,0,1,0,0,0,0,1,0,0.2215,1.8066,0.9407,1]},
{"frame":118,"values":[1,0,0,0,0,1,0,0,0,0,1,0,0.2215,1.8737,0.9336,1]},
{"frame":119,"values":[1,0,0,0,0,1,0,0,0,0,1,0,0.2215,1.914,0.9294,1]},
{"frame":120,"values":[1,0,0,0,0,1,0,0,0,0,1,0,0.2215,1.9273,0.928,1]}],"loopBehavior":1,"name":"anim","property":"_matrix"}},
{"name":"right front foot","index":5,"matrix":[-1,0,0,0,0,-1,0,0,0,0,1,0,0,0,0,1],"rest":[-1,0,0,0,0,-1,0,0,0,0,1,0,0,0,0,1],"parentBoneIndex":4,"length":0.2705
,"animation":{"dataType":3,"framePerSecond":60,"keys":[
{"frame":0,"values":[-1,0,0,0,0,-1,0,0,0,0,1,0,0,0,0,1]},
{"frame":120,"values":[-1,0,0,0,0,-1,0,0,0,0,1,0,0,0,0,1]}],"loopBehavior":1,"name":"anim","property":"_matrix"}},
{"name":"bone.foot.front.r.002 knee","index":6,"matrix":[1,0,0,0,0,0,1,0,0,-1,0,0,0,0.6899,0.6311,1],"rest":[1,0,0,0,0,0,1,0,0,-1,0,0,0,0.5427,0.5462,1],"parentBoneIndex":4,"length":0.4051
,"animation":{"dataType":3,"framePerSecond":60,"keys":[
{"frame":0,"values":[1,0,0,0,0,0,1,0,0,-1,0,0,0,0.6899,0.6311,1]},
{"frame":120,"values":[1,0,0,0,0,0,1,0,0,-1,0,0,0,0.6899,0.6311,1]}],"loopBehavior":1,"name":"anim","property":"_matrix"}},
{"name":"bone.foot.back.l.001 ik","index":7,"matrix":[-1,0,0,0,0,-1,0,0,0,0,1,0,-0.2606,-2.127,0.8582,1],"rest":[-1,0,0,0,0,-1,0,0,0,0,1,0,-0.2606,-1.1687,0.4359,1],"parentBoneIndex":0,"length":0.4051
,"animation":{"dataType":3,"framePerSecond":60,"keys":[
{"frame":0,"values":[-1,0,0,0,0,-1,0,0,0,0,1,0,-0.2606,-1.1687,0.3656,1]},
{"frame":60,"values":[-1,0,0,0,0,-1,0,0,0,0,1,0,-0.2606,-0.6307,1.2011,1]},
{"frame":61,"values":[-1,0,0,0,0,-1,0,0,0,0,1,0,-0.2606,-0.6309,1.1688,1]},
{"frame":62,"values":[-1,0,0,0,0,-1,0,0,0,0,1,0,-0.2606,-0.6317,1.1116,1]},
{"frame":63,"values":[-1,0,0,0,0,-1,0,0,0,0,1,0,-0.2606,-0.6333,1.0469,1]},
{"frame":64,"values":[-1,0,0,0,0,-1,0,0,0,0,1,0,-0.2606,-0.6357,0.9798,1]},
{"frame":65,"values":[-1,0,0,0,0,-1,0,0,0,0,1,0,-0.2606,-0.6388,0.9128,1]},
{"frame":66,"values":[-1,0,0,0,0,-1,0,0,0,0,1,0,-0.2606,-0.6428,0.8474,1]},
{"frame":67,"values":[-1,0,0,0,0,-1,0,0,0,0,1,0,-0.2606,-0.6476,0.7846,1]},
{"frame":68,"values":[-1,0,0,0,0,-1,0,0,0,0,1,0,-0.2606,-0.6534,0.7254,1]},
{"frame":69,"values":[-1,0,0,0,0,-1,0,0,0,0,1,0,-0.2606,-0.6602,0.6706,1]},
{"frame":70,"values":[-1,0,0,0,0,-1,0,0,0,0,1,0,-0.2606,-0.668,0.6211,1]},
{"frame":71,"values":[-1,0,0,0,0,-1,0,0,0,0,1,0,-0.2606,-0.6771,0.5777,1]},
{"frame":72,"values":[-1,0,0,0,0,-1,0,0,0,0,1,0,-0.2606,-0.6875,0.5415,1]},
{"frame":73,"values":[-1,0,0,0,0,-1,0,0,0,0,1,0,-0.2606,-0.6995,0.5136,1]},
{"frame":74,"values":[-1,0,0,0,0,-1,0,0,0,0,1,0,-0.2606,-0.7131,0.4955,1]},
{"frame":75,"values":[-1,0,0,0,0,-1,0,0,0,0,1,0,-0.2606,-0.7288,0.489,1]},
{"frame":76,"values":[-1,0,0,0,0,-1,0,0,0,0,1,0,-0.2606,-0.7577,0.4924,1]},
{"frame":77,"values":[-1,0,0,0,0,-1,0,0,0,0,1,0,-0.2606,-0.8113,0.5029,1]},
{"frame":78,"values":[-1,0,0,0,0,-1,0,0,0,0,1,0,-0.2606,-0.8891,0.5202,1]},
{"frame":79,"values":[-1,0,0,0,0,-1,0,0,0,0,1,0,-0.2606,-0.9897,0.5442,1]},
{"frame":80,"values":[-1,0,0,0,0,-1,0,0,0,0,1,0,-0.2606,-1.1101,0.5741,1]},
{"frame":81,"values":[-1,0,0,0,0,-1,0,0,0,0,1,0,-0.2606,-1.2458,0.6088,1]},
{"frame":82,"values":[-1,0,0,0,0,-1,0,0,0,0,1,0,-0.2606,-1.3909,0.6467,1]},
{"frame":83,"values":[-1,0,0,0,0,-1,0,0,0,0,1,0,-0.2606,-1.5381,0.686,1]},
{"frame":84,"values":[-1,0,0,0,0,-1,0,0,0,0,1,0,-0.2606,-1.68,0.7245,1]},
{"frame":85,"values":[-1,0,0,0,0,-1,0,0,0,0,1,0,-0.2606,-1.8097,0.7604,1]},
{"frame":86,"values":[-1,0,0,0,0,-1,0,0,0,0,1,0,-0.2606,-1.9214,0.7921,1]},
{"frame":87,"values":[-1,0,0,0,0,-1,0,0,0,0,1,0,-0.2606,-2.0108,0.8183,1]},
{"frame":88,"values":[-1,0,0,0,0,-1,0,0,0,0,1,0,-0.2606,-2.0755,0.8382,1]},
{"frame":89,"values":[-1,0,0,0,0,-1,0,0,0,0,1,0,-0.2606,-2.1142,0.8516,1]},
{"frame":90,"values":[-1,0,0,0,0,-1,0,0,0,0,1,0,-0.2606,-2.127,0.8582,1]},
{"frame":91,"values":[-1,0,0,0,0,-1,0,0,0,0,1,0,-0.2606,-2.1269,0.8613,1]},
{"frame":92,"values":[-1,0,0,0,0,-1,0,0,0,0,1,0,-0.2606,-2.1266,0.8637,1]},
{"frame":93,"values":[-1,0,0,0,0,-1,0,0,0,0,1,0,-0.2606,-2.1256,0.8655,1]},
{"frame":94,"values":[-1,0,0,0,0,-1,0,0,0,0,1,0,-0.2606,-2.1235,0.8667,1]},
{"frame":95,"values":[-1,0,0,0,0,-1,0,0,0,0,1,0,-0.2606,-2.1197,0.8675,1]},
{"frame":96,"values":[-1,0,0,0,0,-1,0,0,0,0,1,0,-0.2606,-2.1137,0.8678,1]},
{"frame":97,"values":[-1,0,0,0,0,-1,0,0,0,0,1,0,-0.2606,-2.1049,0.8679,1]},
{"frame":98,"values":[-1,0,0,0,0,-1,0,0,0,0,1,0,-0.2606,-2.0927,0.868,1]},
{"frame":99,"values":[-1,0,0,0,0,-1,0,0,0,0,1,0,-0.2606,-2.0769,0.868,1]},
{"frame":100,"values":[-1,0,0,0,0,-1,0,0,0,0,1,0,-0.2606,-2.0572,0.8684,1]},
{"frame":101,"values":[-1,0,0,0,0,-1,0,0,0,0,1,0,-0.2606,-2.0336,0.8692,1]},
{"frame":102,"values":[-1,0,0,0,0,-1,0,0,0,0,1,0,-0.2606,-2.0064,0.8704,1]},
{"frame":103,"values":[-1,0,0,0,0,-1,0,0,0,0,1,0,-0.2606,-1.9756,0.8722,1]},
{"frame":104,"values":[-1,0,0,0,0,-1,0,0,0,0,1,0,-0.2606,-1.9418,0.8746,1]},
{"frame":105,"values":[-1,0,0,0,0,-1,0,0,0,0,1,0,-0.2606,-1.9052,0.8777,1]},
{"frame":106,"values":[-1,0,0,0,0,-1,0,0,0,0,1,0,-0.2606,-1.8582,0.8839,1]},
{"frame":107,"values":[-1,0,0,0,0,-1,0,0,0,0,1,0,-0.2606,-1.7931,0.8959,1]},
{"frame":108,"values":[-1,0,0,0,0,-1,0,0,0,0,1,0,-0.2606,-1.7104,0.9136,1]},
{"frame":109,"values":[-1,0,0,0,0,-1,0,0,0,0,1,0,-0.2606,-1.6115,0.9366,1]},
{"frame":110,"values":[-1,0,0,0,0,-1,0,0,0,0,1,0,-0.2606,-1.4989,0.9644,1]},
{"frame":111,"values":[-1,0,0,0,0,-1,0,0,0,0,1,0,-0.2606,-1.3763,0.9959,1]},
{"frame":112,"values":[-1,0,0,0,0,-1,0,0,0,0,1,0,-0.2606,-1.2487,1.0295,1]},
{"frame":113,"values":[-1,0,0,0,0,-1,0,0,0,0,1,0,-0.2606,-1.1217,1.0638,1]},
{"frame":114,"values":[-1,0,0,0,0,-1,0,0,0,0,1,0,-0.2606,-1.0011,1.0968,1]},
{"frame":115,"values":[-1,0,0,0,0,-1,0,0,0,0,1,0,-0.2606,-0.8922,1.1271,1]},
{"frame":116,"values":[-1,0,0,0,0,-1,0,0,0,0,1,0,-0.2606,-0.7994,1.1531,1]},
{"frame":117,"values":[-1,0,0,0,0,-1,0,0,0,0,1,0,-0.2606,-0.7256,1.174,1]},
{"frame":118,"values":[-1,0,0,0,0,-1,0,0,0,0,1,0,-0.2606,-0.6726,1.1891,1]},
{"frame":119,"values":[-1,0,0,0,0,-1,0,0,0,0,1,0,-0.2606,-0.641,1.1981,1]},
{"frame":120,"values":[-1,0,0,0,0,-1,0,0,0,0,1,0,-0.2606,-0.6307,1.2011,1]}],"loopBehavior":1,"name":"anim","property":"_matrix"}},
{"name":"left back foot","index":8,"matrix":[-1,0,0,0,0,-1,0,0,0,0,1,0,0,0,0,1],"rest":[-1,0,0,0,0,-1,0,0,0,0,1,0,0,0,0,1],"parentBoneIndex":7,"length":0.2705
,"animation":{"dataType":3,"framePerSecond":60,"keys":[
{"frame":0,"values":[-1,0,0,0,0,-1,0,0,0,0,1,0,0,0,0,1]},
{"frame":120,"values":[-1,0,0,0,0,-1,0,0,0,0,1,0,0,0,0,1]}],"loopBehavior":1,"name":"anim","property":"_matrix"}},
{"name":"bone.foot.back.l.002 knee","index":9,"matrix":[-1,0,0,0,0,0,1,0,0,1,0,0,0,-0.4695,0.5462,1],"rest":[-1,0,0,0,0,0,1,0,0,1,0,0,0,-0.4695,0.5462,1],"parentBoneIndex":7,"length":0.4051
,"animation":{"dataType":3,"framePerSecond":60,"keys":[
{"frame":0,"values":[-1,0,0,0,0,0,1,0,0,1,0,0,0,-0.4695,0.5462,1]},
{"frame":120,"values":[-1,0,0,0,0,0,1,0,0,1,0,0,0,-0.4695,0.5462,1]}],"loopBehavior":1,"name":"anim","property":"_matrix"}},
{"name":"bone.foot.back.r.001 ik","index":10,"matrix":[-1,0,0,0,0,-1,0,0,0,0,1,0,0.2377,-2.3645,0.8635,1],"rest":[-1,0,0,0,0,-1,0,0,0,0,1,0,0.2744,-1.1747,0.4045,1],"parentBoneIndex":0,"length":0.4051
,"animation":{"dataType":3,"framePerSecond":60,"keys":[
{"frame":0,"values":[-1,0,0,0,0,-1,0,0,0,0,1,0,0.2377,-1.1323,0.3718,1]},
{"frame":60,"values":[-1,0,0,0,0,-1,0,0,0,0,1,0,0.2377,-0.636,0.7673,1]},
{"frame":61,"values":[-1,0,0,0,0,-1,0,0,0,0,1,0,0.2377,-0.6816,0.7642,1]},
{"frame":62,"values":[-1,0,0,0,0,-1,0,0,0,0,1,0,0.2377,-0.764,0.7588,1]},
{"frame":63,"values":[-1,0,0,0,0,-1,0,0,0,0,1,0,0.2377,-0.8593,0.7526,1]},
{"frame":64,"values":[-1,0,0,0,0,-1,0,0,0,0,1,0,0.2377,-0.9605,0.7462,1]},
{"frame":65,"values":[-1,0,0,0,0,-1,0,0,0,0,1,0,0.2377,-1.0643,0.7397,1]},
{"frame":66,"values":[-1,0,0,0,0,-1,0,0,0,0,1,0,0.2377,-1.1688,0.7335,1]},
{"frame":67,"values":[-1,0,0,0,0,-1,0,0,0,0,1,0,0.2377,-1.2727,0.7275,1]},
{"frame":68,"values":[-1,0,0,0,0,-1,0,0,0,0,1,0,0.2377,-1.3747,0.7218,1]},
{"frame":69,"values":[-1,0,0,0,0,-1,0,0,0,0,1,0,0.2377,-1.4741,0.7165,1]},
{"frame":70,"values":[-1,0,0,0,0,-1,0,0,0,0,1,0,0.2377,-1.57,0.7118,1]},
{"frame":71,"values":[-1,0,0,0,0,-1,0,0,0,0,1,0,0.2377,-1.6615,0.7076,1]},
{"frame":72,"values":[-1,0,0,0,0,-1,0,0,0,0,1,0,0.2377,-1.7476,0.7042,1]},
{"frame":73,"values":[-1,0,0,0,0,-1,0,0,0,0,1,0,0.2377,-1.8274,0.7015,1]},
{"frame":74,"values":[-1,0,0,0,0,-1,0,0,0,0,1,0,0.2377,-1.8994,0.6998,1]},
{"frame":75,"values":[-1,0,0,0,0,-1,0,0,0,0,1,0,0.2377,-1.9623,0.6991,1]},
{"frame":76,"values":[-1,0,0,0,0,-1,0,0,0,0,1,0,0.2377,-2.0186,0.7008,1]},
{"frame":77,"values":[-1,0,0,0,0,-1,0,0,0,0,1,0,0.2377,-2.072,0.7056,1]},
{"frame":78,"values":[-1,0,0,0,0,-1,0,0,0,0,1,0,0.2377,-2.122,0.7138,1]},
{"frame":79,"values":[-1,0,0,0,0,-1,0,0,0,0,1,0,0.2377,-2.1679,0.7249,1]},
{"frame":80,"values":[-1,0,0,0,0,-1,0,0,0,0,1,0,0.2377,-2.2092,0.7389,1]},
{"frame":81,"values":[-1,0,0,0,0,-1,0,0,0,0,1,0,0.2377,-2.2455,0.7549,1]},
{"frame":82,"values":[-1,0,0,0,0,-1,0,0,0,0,1,0,0.2377,-2.2765,0.7724,1]},
{"frame":83,"values":[-1,0,0,0,0,-1,0,0,0,0,1,0,0.2377,-2.302,0.7903,1]},
{"frame":84,"values":[-1,0,0,0,0,-1,0,0,0,0,1,0,0.2377,-2.3223,0.8078,1]},
{"frame":85,"values":[-1,0,0,0,0,-1,0,0,0,0,1,0,0.2377,-2.3378,0.8238,1]},
{"frame":86,"values":[-1,0,0,0,0,-1,0,0,0,0,1,0,0.2377,-2.349,0.8377,1]},
{"frame":87,"values":[-1,0,0,0,0,-1,0,0,0,0,1,0,0.2377,-2.3567,0.8489,1]},
{"frame":88,"values":[-1,0,0,0,0,-1,0,0,0,0,1,0,0.2377,-2.3614,0.857,1]},
{"frame":89,"values":[-1,0,0,0,0,-1,0,0,0,0,1,0,0.2377,-2.3638,0.8619,1]},
{"frame":90,"values":[-1,0,0,0,0,-1,0,0,0,0,1,0,0.2377,-2.3645,0.8635,1]},
{"frame":91,"values":[-1,0,0,0,0,-1,0,0,0,0,1,0,0.2377,-2.3536,0.8632,1]},
{"frame":92,"values":[-1,0,0,0,0,-1,0,0,0,0,1,0,0.2377,-2.3202,0.8623,1]},
{"frame":93,"values":[-1,0,0,0,0,-1,0,0,0,0,1,0,0.2377,-2.2641,0.8608,1]},
{"frame":94,"values":[-1,0,0,0,0,-1,0,0,0,0,1,0,0.2377,-2.1858,0.8586,1]},
{"frame":95,"values":[-1,0,0,0,0,-1,0,0,0,0,1,0,0.2377,-2.0868,0.8558,1]},
{"frame":96,"values":[-1,0,0,0,0,-1,0,0,0,0,1,0,0.2377,-1.9702,0.8525,1]},
{"frame":97,"values":[-1,0,0,0,0,-1,0,0,0,0,1,0,0.2377,-1.8402,0.8486,1]},
{"frame":98,"values":[-1,0,0,0,0,-1,0,0,0,0,1,0,0.2377,-1.7023,0.8444,1]},
{"frame":99,"values":[-1,0,0,0,0,-1,0,0,0,0,1,0,0.2377,-1.5626,0.8399,1]},
{"frame":100,"values":[-1,0,0,0,0,-1,0,0,0,0,1,0,0.2377,-1.4268,0.8354,1]},
{"frame":101,"values":[-1,0,0,0,0,-1,0,0,0,0,1,0,0.2377,-1.3001,0.8309,1]},
{"frame":102,"values":[-1,0,0,0,0,-1,0,0,0,0,1,0,0.2377,-1.1865,0.8266,1]},
{"frame":103,"values":[-1,0,0,0,0,-1,0,0,0,0,1,0,0.2377,-1.0888,0.8226,1]},
{"frame":104,"values":[-1,0,0,0,0,-1,0,0,0,0,1,0,0.2377,-1.0085,0.8188,1]},
{"frame":105,"values":[-1,0,0,0,0,-1,0,0,0,0,1,0,0.2377,-0.9464,0.8154,1]},
{"frame":106,"values":[-1,0,0,0,0,-1,0,0,0,0,1,0,0.2377,-0.8952,0.812,1]},
{"frame":107,"values":[-1,0,0,0,0,-1,0,0,0,0,1,0,0.2377,-0.8478,0.8083,1]},
{"frame":108,"values":[-1,0,0,0,0,-1,0,0,0,0,1,0,0.2377,-0.8048,0.8043,1]},
{"frame":109,"values":[-1,0,0,0,0,-1,0,0,0,0,1,0,0.2377,-0.7666,0.8,1]},
{"frame":110,"values":[-1,0,0,0,0,-1,0,0,0,0,1,0,0.2377,-0.7336,0.7955,1]},
{"frame":111,"values":[-1,0,0,0,0,-1,0,0,0,0,1,0,0.2377,-0.706,0.791,1]},
{"frame":112,"values":[-1,0,0,0,0,-1,0,0,0,0,1,0,0.2377,-0.6839,0.7865,1]},
{"frame":113,"values":[-1,0,0,0,0,-1,0,0,0,0,1,0,0.2377,-0.6669,0.7823,1]},
{"frame":114,"values":[-1,0,0,0,0,-1,0,0,0,0,1,0,0.2377,-0.6545,0.7784,1]},
{"frame":115,"values":[-1,0,0,0,0,-1,0,0,0,0,1,0,0.2377,-0.6461,0.775,1]},
{"frame":116,"values":[-1,0,0,0,0,-1,0,0,0,0,1,0,0.2377,-0.6408,0.7722,1]},
{"frame":117,"values":[-1,0,0,0,0,-1,0,0,0,0,1,0,0.2377,-0.6379,0.7701,1]},
{"frame":118,"values":[-1,0,0,0,0,-1,0,0,0,0,1,0,0.2377,-0.6365,0.7685,1]},
{"frame":119,"values":[-1,0,0,0,0,-1,0,0,0,0,1,0,0.2377,-0.636,0.7676,1]},
{"frame":120,"values":[-1,0,0,0,0,-1,0,0,0,0,1,0,0.2377,-0.636,0.7673,1]}],"loopBehavior":1,"name":"anim","property":"_matrix"}},
{"name":"right back foot","index":11,"matrix":[-1,0,0,0,0,-1,0,0,0,0,1,0,0,0,0,1],"rest":[-1,0,0,0,0,-1,0,0,0,0,1,0,0,0,0,1],"parentBoneIndex":10,"length":0.2705
,"animation":{"dataType":3,"framePerSecond":60,"keys":[
{"frame":0,"values":[-1,0,0,0,0,-1,0,0,0,0,1,0,0,0,0,1]},
{"frame":120,"values":[-1,0,0,0,0,-1,0,0,0,0,1,0,0,0,0,1]}],"loopBehavior":1,"name":"anim","property":"_matrix"}},
{"name":"bone.foot.back.r.002 knee","index":12,"matrix":[-1,0,0,0,0,0,1,0,0,1,0,0,0,-0.4695,0.5462,1],"rest":[-1,0,0,0,0,0,1,0,0,1,0,0,0,-0.4695,0.5462,1],"parentBoneIndex":10,"length":0.4051
,"animation":{"dataType":3,"framePerSecond":60,"keys":[
{"frame":0,"values":[-1,0,0,0,0,0,1,0,0,1,0,0,0,-0.4695,0.5462,1]},
{"frame":120,"values":[-1,0,0,0,0,0,1,0,0,1,0,0,0,-0.4695,0.5462,1]}],"loopBehavior":1,"name":"anim","property":"_matrix"}},
{"name":"bone.back.rear","index":13,"matrix":[1,0,0,0,0,1,0,0,0,0,1,0,-0.014,-1.2455,3.3677,1],"rest":[1,0,0,0,0,1,0,0,0,0,1,0,-0.014,-1.2455,3.3677,1],"parentBoneIndex":0,"length":1.5812
,"animation":{"dataType":3,"framePerSecond":60,"keys":[
{"frame":0,"values":[1,0,0,0,0,1,0,0,0,0,1,0,-0.014,-1.2455,3.3677,1]},
{"frame":120,"values":[1,0,0,0,0,1,0,0,0,0,1,0,-0.014,-1.2455,3.3677,1]}],"loopBehavior":1,"name":"anim","property":"_matrix"}},
{"name":"bone.back.mid","index":14,"matrix":[1,0,0,0,0,0.9943,-0.107,0,0,0.107,0.9943,0,0,1.5812,0,1],"rest":[1,0,0,0,0,1,0,0,0,0,1,0,0,1.5812,0,1],"parentBoneIndex":13,"length":1.2461
,"animation":{"dataType":3,"framePerSecond":60,"keys":[
{"frame":0,"values":[1,0,0,0,0,0.9943,-0.107,0,0,0.107,0.9943,0,0,1.5812,0,1]},
{"frame":120,"values":[1,0,0,0,0,0.9943,-0.107,0,0,0.107,0.9943,0,0,1.5812,0,1]}],"loopBehavior":1,"name":"anim","property":"_matrix"}},
{"name":"bone.leg.front.r","index":15,"matrix":[0.9998,-0.0148,0.0113,0,0.0135,0.159,-0.9872,0,0.0128,0.9872,0.1592,0,0.2054,0.9486,-0.7997,1],"rest":[1,0,0,0,0,0.2516,-0.9678,0,0,0.9678,0.2516,0,0.2355,0.9591,-0.9005,1],"parentBoneIndex":14,"length":1.2816
,"animation":{"dataType":3,"framePerSecond":60,"keys":[
{"frame":0,"values":[0.9999,-0.0109,0.0085,0,0.0124,0.4322,-0.9017,0,0.0062,0.9017,0.4323,0,0.2054,0.9486,-0.7997,1]},
{"frame":60,"values":[1,-0.0062,0.0058,0,0.0083,0.8725,-0.4885,0,-0.002,0.4885,0.8725,0,0.2054,0.9486,-0.7997,1]},
{"frame":61,"values":[1,-0.0057,0.006,0,0.0079,0.8847,-0.4661,0,-0.0026,0.4661,0.8847,0,0.2054,0.9486,-0.7997,1]},
{"frame":62,"values":[1,-0.0057,0.0061,0,0.0079,0.8847,-0.4662,0,-0.0028,0.4662,0.8847,0,0.2054,0.9486,-0.7997,1]},
{"frame":63,"values":[1,-0.0058,0.0062,0,0.008,0.8799,-0.4751,0,-0.0028,0.4752,0.8799,0,0.2054,0.9486,-0.7997,1]},
{"frame":64,"values":[1,-0.0059,0.0064,0,0.0083,0.8722,-0.489,0,-0.0026,0.489,0.8723,0,0.2054,0.9486,-0.7997,1]},
{"frame":65,"values":[1,-0.0061,0.0065,0,0.0086,0.8624,-0.5061,0,-0.0025,0.5061,0.8625,0,0.2054,0.9486,-0.7997,1]},
{"frame":66,"values":[1,-0.0064,0.0066,0,0.0089,0.8507,-0.5256,0,-0.0023,0.5256,0.8507,0,0.2054,0.9486,-0.7997,1]},
{"frame":67,"values":[1,-0.0066,0.0068,0,0.0093,0.8371,-0.5469,0,-0.002,0.5469,0.8372,0,0.2054,0.9486,-0.7997,1]},
{"frame":68,"values":[1,-0.007,0.0069,0,0.0097,0.8216,-0.57,0,-0.0017,0.57,0.8216,0,0.2054,0.9486,-0.7997,1]},
{"frame":69,"values":[0.9999,-0.0073,0.0072,0,0.0101,0.8039,-0.5947,0,-0.0014,0.5947,0.8039,0,0.2054,0.9486,-0.7997,1]},
{"frame":70,"values":[0.9999,-0.0077,0.0074,0,0.0106,0.7834,-0.6214,0,-0.001,0.6215,0.7834,0,0.2054,0.9486,-0.7997,1]},
{"frame":71,"values":[0.9999,-0.0081,0.0078,0,0.0112,0.7591,-0.6508,0,-0.0006,0.6509,0.7592,0,0.2054,0.9486,-0.7997,1]},
{"frame":72,"values":[0.9999,-0.0086,0.0082,0,0.0119,0.7286,-0.6848,0,-0.0001,0.6849,0.7287,0,0.2054,0.9486,-0.7997,1]},
{"frame":73,"values":[0.9999,-0.0094,0.009,0,0.013,0.6819,-0.7313,0,0.0007,0.7314,0.682,0,0.2054,0.9486,-0.7997,1]},
{"frame":74,"values":[0.9999,-0.0101,0.0098,0,0.0139,0.6326,-0.7744,0,0.0016,0.7744,0.6327,0,0.2054,0.9486,-0.7997,1]},
{"frame":75,"values":[0.9999,-0.01,0.0097,0,0.0138,0.6291,-0.7772,0,0.0017,0.7773,0.6292,0,0.2054,0.9486,-0.7997,1]},
{"frame":76,"values":[0.9999,-0.01,0.0097,0,0.0138,0.6223,-0.7827,0,0.0018,0.7827,0.6224,0,0.2054,0.9486,-0.7997,1]},
{"frame":77,"values":[0.9999,-0.01,0.0097,0,0.0138,0.6089,-0.7931,0,0.002,0.7932,0.609,0,0.2054,0.9486,-0.7997,1]},
{"frame":78,"values":[0.9999,-0.01,0.0097,0,0.0138,0.5884,-0.8085,0,0.0024,0.8085,0.5885,0,0.2054,0.9486,-0.7997,1]},
{"frame":79,"values":[0.9999,-0.0102,0.0099,0,0.0139,0.5603,-0.8282,0,0.0029,0.8282,0.5604,0,0.2054,0.9486,-0.7997,1]},
{"frame":80,"values":[0.9999,-0.0104,0.01,0,0.014,0.5243,-0.8514,0,0.0036,0.8515,0.5244,0,0.2054,0.9486,-0.7997,1]},
{"frame":81,"values":[0.9999,-0.0098,0.0088,0,0.0128,0.5551,-0.8317,0,0.0032,0.8317,0.5552,0,0.2054,0.9486,-0.7997,1]},
{"frame":82,"values":[0.9999,-0.0097,0.0082,0,0.0122,0.5493,-0.8355,0,0.0036,0.8356,0.5494,0,0.2054,0.9486,-0.7997,1]},
{"frame":83,"values":[0.9999,-0.01,0.008,0,0.012,0.5226,-0.8525,0,0.0043,0.8525,0.5227,0,0.2054,0.9486,-0.7997,1]},
{"frame":84,"values":[0.9999,-0.0105,0.008,0,0.0121,0.4822,-0.876,0,0.0053,0.876,0.4822,0,0.2054,0.9486,-0.7997,1]},
{"frame":85,"values":[0.9999,-0.0111,0.0082,0,0.0122,0.4318,-0.9019,0,0.0065,0.9019,0.4319,0,0.2054,0.9486,-0.7997,1]},
{"frame":86,"values":[0.9999,-0.0119,0.0087,0,0.0125,0.3751,-0.9269,0,0.0078,0.9269,0.3752,0,0.2054,0.9486,-0.7997,1]},
{"frame":87,"values":[0.9999,-0.0127,0.0093,0,0.0128,0.3158,-0.9488,0,0.0091,0.9488,0.3159,0,0.2054,0.9486,-0.7997,1]},
{"frame":88,"values":[0.9999,-0.0135,0.0099,0,0.0131,0.2574,-0.9662,0,0.0105,0.9662,0.2576,0,0.2054,0.9486,-0.7997,1]},
{"frame":89,"values":[0.9998,-0.0142,0.0106,0,0.0133,0.2039,-0.9789,0,0.0117,0.9789,0.204,0,0.2054,0.9486,-0.7997,1]},
{"frame":90,"values":[0.9998,-0.0148,0.0113,0,0.0135,0.159,-0.9872,0,0.0128,0.9872,0.1592,0,0.2054,0.9486,-0.7997,1]},
{"frame":91,"values":[0.9998,-0.0154,0.0117,0,0.0136,0.1339,-0.9909,0,0.0137,0.9909,0.1341,0,0.2054,0.9486,-0.7997,1]},
{"frame":92,"values":[0.9998,-0.016,0.0117,0,0.0137,0.134,-0.9909,0,0.0143,0.9909,0.1342,0,0.2054,0.9486,-0.7997,1]},
{"frame":93,"values":[0.9998,-0.0168,0.0115,0,0.0139,0.1493,-0.9887,0,0.0149,0.9887,0.1495,0,0.2054,0.9486,-0.7997,1]},
{"frame":94,"values":[0.9998,-0.0178,0.0115,0,0.0143,0.1711,-0.9852,0,0.0156,0.9851,0.1713,0,0.2054,0.9486,-0.7997,1]},
{"frame":95,"values":[0.9998,-0.019,0.0115,0,0.015,0.1946,-0.9808,0,0.0164,0.9807,0.1948,0,0.2054,0.9486,-0.7997,1]},
{"frame":96,"values":[0.9997,-0.0205,0.0119,0,0.016,0.217,-0.976,0,0.0174,0.976,0.2172,0,0.2054,0.9486,-0.7997,1]},
{"frame":97,"values":[0.9997,-0.0222,0.0125,0,0.0174,0.2364,-0.9715,0,0.0187,0.9714,0.2367,0,0.2054,0.9486,-0.7997,1]},
{"frame":98,"values":[0.9996,-0.0242,0.0134,0,0.019,0.252,-0.9675,0,0.0201,0.9674,0.2524,0,0.2054,0.9486,-0.7997,1]},
{"frame":99,"values":[0.9995,-0.0265,0.0145,0,0.021,0.2634,-0.9645,0,0.0217,0.9643,0.2638,0,0.2054,0.9486,-0.7997,1]},
{"frame":100,"values":[0.9995,-0.0288,0.0159,0,0.0232,0.2709,-0.9623,0,0.0234,0.9622,0.2714,0,0.2054,0.9486,-0.7997,1]},
{"frame":101,"values":[0.9994,-0.0312,0.0174,0,0.0253,0.2752,-0.961,0,0.0252,0.9609,0.2758,0,0.2054,0.9486,-0.7997,1]},
{"frame":102,"values":[0.9993,-0.0333,0.0188,0,0.0273,0.2773,-0.9604,0,0.0267,0.9602,0.278,0,0.2054,0.9486,-0.7997,1]},
{"frame":103,"values":[0.9992,-0.0349,0.02,0,0.0289,0.2782,-0.9601,0,0.028,0.9599,0.2789,0,0.2054,0.9486,-0.7997,1]},
{"frame":104,"values":[0.9991,-0.036,0.0207,0,0.03,0.2784,-0.96,0,0.0288,0.9598,0.2793,0,0.2054,0.9486,-0.7997,1]},
{"frame":105,"values":[0.9991,-0.0363,0.021,0,0.0303,0.2785,-0.96,0,0.029,0.9597,0.2794,0,0.2054,0.9486,-0.7997,1]},
{"frame":106,"values":[0.9992,-0.0356,0.0205,0,0.0299,0.2882,-0.9571,0,0.0282,0.9569,0.289,0,0.2054,0.9486,-0.7997,1]},
{"frame":107,"values":[0.9993,-0.0336,0.0189,0,0.0286,0.3172,-0.9479,0,0.0259,0.9478,0.318,0,0.2054,0.9486,-0.7997,1]},
{"frame":108,"values":[0.9994,-0.0306,0.0166,0,0.0267,0.3646,-0.9308,0,0.0224,0.9307,0.3652,0,0.2054,0.9486,-0.7997,1]},
{"frame":109,"values":[0.9995,-0.027,0.0141,0,0.0242,0.4277,-0.9036,0,0.0183,0.9035,0.4282,0,0.2054,0.9486,-0.7997,1]},
{"frame":110,"values":[0.9997,-0.0231,0.0116,0,0.0216,0.502,-0.8646,0,0.0141,0.8645,0.5024,0,0.2054,0.9486,-0.7997,1]},
{"frame":111,"values":[0.9998,-0.0192,0.0095,0,0.0189,0.581,-0.8137,0,0.0102,0.8137,0.5812,0,0.2054,0.9486,-0.7997,1]},
{"frame":112,"values":[0.9998,-0.0158,0.0079,0,0.0163,0.657,-0.7537,0,0.0067,0.7537,0.6571,0,0.2054,0.9486,-0.7997,1]},
{"frame":113,"values":[0.9999,-0.0129,0.0068,0,0.014,0.7234,-0.6903,0,0.004,0.6904,0.7235,0,0.2054,0.9486,-0.7997,1]},
{"frame":114,"values":[0.9999,-0.0105,0.0062,0,0.0121,0.7761,-0.6305,0,0.0018,0.6305,0.7762,0,0.2054,0.9486,-0.7997,1]},
{"frame":115,"values":[0.9999,-0.0088,0.0059,0,0.0106,0.8146,-0.58,0,0.0003,0.58,0.8146,0,0.2054,0.9486,-0.7997,1]},
{"frame":116,"values":[1,-0.0077,0.0058,0,0.0096,0.8405,-0.5417,0,-0.0007,0.5417,0.8406,0,0.2054,0.9486,-0.7997,1]},
{"frame":117,"values":[1,-0.0069,0.0058,0,0.0089,0.8569,-0.5154,0,-0.0014,0.5155,0.8569,0,0.2054,0.9486,-0.7997,1]},
{"frame":118,"values":[1,-0.0065,0.0058,0,0.0085,0.8663,-0.4994,0,-0.0018,0.4994,0.8664,0,0.2054,0.9486,-0.7997,1]},
{"frame":119,"values":[1,-0.0063,0.0058,0,0.0083,0.8711,-0.491,0,-0.002,0.4911,0.8711,0,0.2054,0.9486,-0.7997,1]},
{"frame":120,"values":[1,-0.0062,0.0058,0,0.0083,0.8725,-0.4885,0,-0.002,0.4885,0.8725,0,0.2054,0.9486,-0.7997,1]}],"loopBehavior":1,"name":"anim","property":"_matrix"}},
{"name":"bone.foot.front.r","index":16,"matrix":[0.9999,-0.0102,-0.0097,0,0.0064,0.9433,-0.332,0,0.0126,0.3319,0.9432,0,0,1.2816,0,1],"rest":[1,0,0,0,0,0.9625,-0.2712,0,0,0.2712,0.9625,0,0,1.2816,0,1],"parentBoneIndex":15,"length":0.8594
,"animation":{"dataType":3,"framePerSecond":60,"keys":[
{"frame":0,"values":[0.9999,-0.0119,-0.0091,0,0.0075,0.9214,-0.3884,0,0.013,0.3883,0.9214,0,0,1.2816,0,1]},
{"frame":60,"values":[0.9995,-0.0298,0.0117,0,0.0187,0.245,-0.9693,0,0.026,0.9691,0.2454,0,0,1.2816,0,1]},
{"frame":61,"values":[0.9996,-0.0288,0.0085,0,0.018,0.3511,-0.9362,0,0.024,0.9359,0.3514,0,0,1.2816,0,1]},
{"frame":62,"values":[0.9996,-0.0277,0.0059,0,0.0173,0.4348,-0.9004,0,0.0223,0.9001,0.4351,0,0,1.2816,0,1]},
{"frame":63,"values":[0.9996,-0.0265,0.0037,0,0.0166,0.5072,-0.8616,0,0.021,0.8614,0.5075,0,0,1.2816,0,1]},
{"frame":64,"values":[0.9997,-0.0252,0.0017,0,0.0158,0.5722,-0.8199,0,0.0197,0.8197,0.5724,0,0,1.2816,0,1]},
{"frame":65,"values":[0.9997,-0.0238,-0.0002,0,0.0149,0.6316,-0.7752,0,0.0186,0.775,0.6317,0,0,1.2816,0,1]},
{"frame":66,"values":[0.9997,-0.0223,-0.0018,0,0.014,0.6864,-0.7271,0,0.0175,0.7269,0.6866,0,0,1.2816,0,1]},
{"frame":67,"values":[0.9998,-0.0207,-0.0034,0,0.013,0.7375,-0.6752,0,0.0165,0.675,0.7377,0,0,1.2816,0,1]},
{"frame":68,"values":[0.9998,-0.019,-0.0049,0,0.0119,0.7855,-0.6188,0,0.0156,0.6186,0.7855,0,0,1.2816,0,1]},
{"frame":69,"values":[0.9998,-0.0171,-0.0063,0,0.0107,0.8306,-0.5568,0,0.0147,0.5566,0.8306,0,0,1.2816,0,1]},
{"frame":70,"values":[0.9999,-0.015,-0.0076,0,0.0094,0.8732,-0.4873,0,0.0139,0.4871,0.8732,0,0,1.2816,0,1]},
{"frame":71,"values":[0.9999,-0.0125,-0.0088,0,0.0078,0.9135,-0.4068,0,0.0131,0.4067,0.9135,0,0,1.2816,0,1]},
{"frame":72,"values":[0.9999,-0.0094,-0.01,0,0.0059,0.9516,-0.3072,0,0.0124,0.3071,0.9516,0,0,1.2816,0,1]},
{"frame":73,"values":[0.9999,-0.0048,-0.0111,0,0.003,0.9877,-0.1562,0,0.0117,0.1562,0.9877,0,0,1.2816,0,1]},
{"frame":74,"values":[0.9999,-0.0001,-0.0115,0,0.0001,1,-0.0041,0,0.0115,0.0041,0.9999,0,0,1.2816,0,1]},
{"frame":75,"values":[0.9999,-0.0001,-0.0115,0,0.0001,1,-0.0042,0,0.0115,0.0042,0.9999,0,0,1.2816,0,1]},
{"frame":80,"values":[0.9999,-0.0001,-0.0115,0,0.0001,1,-0.0041,0,0.0115,0.0041,0.9999,0,0,1.2816,0,1]},
{"frame":81,"values":[0.9999,-0.0068,-0.0107,0,0.0042,0.9754,-0.2202,0,0.0119,0.2202,0.9754,0,0,1.2816,0,1]},
{"frame":82,"values":[0.9999,-0.0105,-0.0096,0,0.0066,0.9401,-0.3408,0,0.0126,0.3407,0.9401,0,0,1.2816,0,1]},
{"frame":83,"values":[0.9999,-0.0126,-0.0088,0,0.0079,0.9118,-0.4106,0,0.0132,0.4105,0.9118,0,0,1.2816,0,1]},
{"frame":84,"values":[0.9999,-0.0138,-0.0082,0,0.0086,0.8937,-0.4485,0,0.0135,0.4484,0.8937,0,0,1.2816,0,1]},
{"frame":85,"values":[0.9999,-0.0142,-0.008,0,0.0089,0.8871,-0.4615,0,0.0136,0.4614,0.8871,0,0,1.2816,0,1]},
{"frame":86,"values":[0.9999,-0.014,-0.0081,0,0.0088,0.8906,-0.4547,0,0.0136,0.4545,0.8906,0,0,1.2816,0,1]},
{"frame":87,"values":[0.9999,-0.0133,-0.0085,0,0.0083,0.9016,-0.4325,0,0.0134,0.4324,0.9016,0,0,1.2816,0,1]},
{"frame":88,"values":[0.9999,-0.0123,-0.0089,0,0.0077,0.9164,-0.4003,0,0.0131,0.4002,0.9164,0,0,1.2816,0,1]},
{"frame":89,"values":[0.9999,-0.0112,-0.0094,0,0.007,0.9313,-0.3641,0,0.0128,0.364,0.9313,0,0,1.2816,0,1]},
{"frame":90,"values":[0.9999,-0.0102,-0.0097,0,0.0064,0.9433,-0.332,0,0.0126,0.3319,0.9432,0,0,1.2816,0,1]},
{"frame":91,"values":[0.9999,-0.0104,-0.0097,0,0.0065,0.941,-0.3383,0,0.0126,0.3382,0.941,0,0,1.2816,0,1]},
{"frame":92,"values":[0.9999,-0.0124,-0.0089,0,0.0078,0.9149,-0.4036,0,0.0131,0.4035,0.9149,0,0,1.2816,0,1]},
{"frame":93,"values":[0.9999,-0.0154,-0.0073,0,0.0096,0.8653,-0.5011,0,0.0141,0.501,0.8654,0,0,1.2816,0,1]},
{"frame":94,"values":[0.9998,-0.0187,-0.0052,0,0.0117,0.7943,-0.6074,0,0.0154,0.6072,0.7944,0,0,1.2816,0,1]},
{"frame":95,"values":[0.9998,-0.0218,-0.0024,0,0.0136,0.7054,-0.7087,0,0.0171,0.7084,0.7056,0,0,1.2816,0,1]},
{"frame":96,"values":[0.9997,-0.0245,0.0007,0,0.0153,0.6039,-0.7969,0,0.0191,0.7967,0.6041,0,0,1.2816,0,1]},
{"frame":97,"values":[0.9996,-0.0267,0.004,0,0.0167,0.4959,-0.8682,0,0.0212,0.8679,0.4962,0,0,1.2816,0,1]},
{"frame":98,"values":[0.9996,-0.0283,0.0073,0,0.0177,0.3882,-0.9214,0,0.0232,0.9211,0.3886,0,0,1.2816,0,1]},
{"frame":99,"values":[0.9995,-0.0294,0.0104,0,0.0184,0.2869,-0.9578,0,0.0252,0.9575,0.2873,0,0,1.2816,0,1]},
{"frame":100,"values":[0.9995,-0.0301,0.0132,0,0.0189,0.1968,-0.9803,0,0.0269,0.98,0.1972,0,0,1.2816,0,1]},
{"frame":101,"values":[0.9994,-0.0305,0.0155,0,0.0191,0.1213,-0.9924,0,0.0284,0.9922,0.1218,0,0,1.2816,0,1]},
{"frame":102,"values":[0.9994,-0.0307,0.0173,0,0.0192,0.0622,-0.9979,0,0.0295,0.9976,0.0627,0,0,1.2816,0,1]},
{"frame":103,"values":[0.9994,-0.0307,0.0186,0,0.0192,0.0202,-0.9996,0,0.0303,0.9993,0.0208,0,0,1.2816,0,1]},
{"frame":104,"values":[0.9993,-0.0307,0.0194,0,0.0192,-0.0048,-0.9998,0,0.0308,0.9995,-0.0042,0,0,1.2816,0,1]},
{"frame":105,"values":[0.9993,-0.0307,0.0196,0,0.0192,-0.013,-0.9997,0,0.031,0.9994,-0.0124,0,0,1.2816,0,1]},
{"frame":106,"values":[0.9993,-0.0307,0.0198,0,0.0192,-0.0187,-0.9996,0,0.0311,0.9994,-0.0181,0,0,1.2816,0,1]},
{"frame":107,"values":[0.9993,-0.0307,0.0203,0,0.0192,-0.0349,-0.9992,0,0.0314,0.9989,-0.0343,0,0,1.2816,0,1]},
{"frame":108,"values":[0.9993,-0.0307,0.021,0,0.0192,-0.0587,-0.9981,0,0.0318,0.9978,-0.058,0,0,1.2816,0,1]},
{"frame":109,"values":[0.9993,-0.0306,0.0218,0,0.0192,-0.0846,-0.9962,0,0.0323,0.9959,-0.084,0,0,1.2816,0,1]},
{"frame":110,"values":[0.9993,-0.0305,0.0225,0,0.0191,-0.1059,-0.9942,0,0.0327,0.9939,-0.1052,0,0,1.2816,0,1]},
{"frame":111,"values":[0.9993,-0.0305,0.0228,0,0.0191,-0.1154,-0.9931,0,0.0329,0.9929,-0.1147,0,0,1.2816,0,1]},
{"frame":112,"values":[0.9993,-0.0305,0.0225,0,0.0191,-0.1074,-0.994,0,0.0328,0.9938,-0.1067,0,0,1.2816,0,1]},
{"frame":113,"values":[0.9993,-0.0306,0.0217,0,0.0192,-0.0792,-0.9967,0,0.0322,0.9964,-0.0786,0,0,1.2816,0,1]},
{"frame":114,"values":[0.9993,-0.0307,0.0202,0,0.0192,-0.0325,-0.9993,0,0.0313,0.999,-0.0318,0,0,1.2816,0,1]},
{"frame":115,"values":[0.9994,-0.0307,0.0184,0,0.0192,0.0275,-0.9994,0,0.0302,0.9992,0.028,0,0,1.2816,0,1]},
{"frame":116,"values":[0.9994,-0.0306,0.0164,0,0.0192,0.0924,-0.9955,0,0.0289,0.9953,0.0929,0,0,1.2816,0,1]},
{"frame":117,"values":[0.9994,-0.0304,0.0145,0,0.019,0.1535,-0.988,0,0.0278,0.9877,0.1539,0,0,1.2816,0,1]},
{"frame":118,"values":[0.9995,-0.0301,0.013,0,0.0188,0.2027,-0.9791,0,0.0268,0.9788,0.2031,0,0,1.2816,0,1]},
{"frame":119,"values":[0.9995,-0.0299,0.012,0,0.0187,0.2342,-0.972,0,0.0262,0.9717,0.2347,0,0,1.2816,0,1]},
