{"producer":{"name":"Blender","version":"2.79 (sub 0)","exporter_version":"5.6.4","file":"player.babylon"},
"autoClear":true,"clearColor":[0.0509,0.0509,0.0509],"ambientColor":[0,0,0],"gravity":[0,-9.81,0],
"materials":[{"name":"player.Skin","id":"player.Skin","ambient":[0.448,0.3123,0.198],"diffuse":[0.448,0.3123,0.198],"specular":[0,0,0],"emissive":[0,0,0],"specularPower":49,"alpha":1,"backFaceCulling":true,"checkReadyOnlyOnce":false,"maxSimultaneousLights":4},
{"name":"player.Hair","id":"player.Hair","ambient":[0.1282,0.0375,0],"diffuse":[0.1282,0.0375,0],"specular":[0,0,0],"emissive":[0,0,0],"specularPower":49,"alpha":1,"backFaceCulling":true,"checkReadyOnlyOnce":false,"maxSimultaneousLights":4},
{"name":"player.LoinCloth","id":"player.LoinCloth","ambient":[0.0908,0.0411,0.0084],"diffuse":[0.0908,0.0411,0.0084],"specular":[0,0,0],"emissive":[0,0,0],"specularPower":49,"alpha":1,"backFaceCulling":true,"checkReadyOnlyOnce":false,"maxSimultaneousLights":4},
{"name":"player.Quiver","id":"player.Quiver","ambient":[0.8,0.8,0.8],"diffuse":[0.8,0.8,0.8],"specular":[0,0,0],"emissive":[0,0,0],"specularPower":50,"alpha":1,"backFaceCulling":true,"checkReadyOnlyOnce":false,"maxSimultaneousLights":4},
{"name":"player.Cloth","id":"player.Cloth","ambient":[1,1,1],"diffuse":[1,1,1],"specular":[0,0,0],"emissive":[0,0,0],"specularPower":50,"alpha":1,"backFaceCulling":true,"checkReadyOnlyOnce":false,"maxSimultaneousLights":4},
{"name":"player.Leather","id":"player.Leather","ambient":[0.1119,0.0578,0.0103],"diffuse":[0.1119,0.0578,0.0103],"specular":[0,0,0],"emissive":[0,0,0],"specularPower":50,"alpha":1,"backFaceCulling":true,"checkReadyOnlyOnce":false,"maxSimultaneousLights":4},
{"name":"player.SkinTorso","id":"player.SkinTorso","ambient":[0.448,0.3123,0.198],"diffuse":[0.448,0.3123,0.198],"specular":[0,0,0],"emissive":[0,0,0],"specularPower":49,"alpha":1,"backFaceCulling":true,"checkReadyOnlyOnce":false,"maxSimultaneousLights":4},
{"name":"player.SkinLegs","id":"player.SkinLegs","ambient":[0.448,0.3123,0.198],"diffuse":[0.448,0.3123,0.198],"specular":[0,0,0],"emissive":[0,0,0],"specularPower":49,"alpha":1,"backFaceCulling":true,"checkReadyOnlyOnce":false,"maxSimultaneousLights":4},
{"name":"player.PlatebodyMetal","id":"player.PlatebodyMetal","ambient":[0.5395,0.5395,0.5395],"diffuse":[0.5395,0.5395,0.5395],"specular":[0,0,0],"emissive":[0,0,0],"specularPower":50,"alpha":1,"backFaceCulling":true,"checkReadyOnlyOnce":false,"maxSimultaneousLights":4},
{"name":"player.HammerMetal","id":"player.HammerMetal","ambient":[0.2346,0.2346,0.2346],"diffuse":[0.2346,0.2346,0.2346],"specular":[0,0,0],"emissive":[0,0,0],"specularPower":49,"alpha":1,"backFaceCulling":true,"checkReadyOnlyOnce":false,"maxSimultaneousLights":4},
{"name":"player.HammerWood","id":"player.HammerWood","ambient":[0.0369,0.016,0.0003],"diffuse":[0.0369,0.016,0.0003],"specular":[0,0,0],"emissive":[0,0,0],"specularPower":49,"alpha":1,"backFaceCulling":true,"checkReadyOnlyOnce":false,"maxSimultaneousLights":4},
{"name":"player.SpearWoodInside","id":"player.SpearWoodInside","ambient":[0.4233,0.2874,0.1329],"diffuse":[0.4233,0.2874,0.1329],"specular":[0,0,0],"emissive":[0,0,0],"specularPower":49,"alpha":1,"backFaceCulling":true,"checkReadyOnlyOnce":false,"maxSimultaneousLights":4},
{"name":"player.SpearWood","id":"player.SpearWood","ambient":[0.0369,0.016,0.0003],"diffuse":[0.0369,0.016,0.0003],"specular":[0,0,0],"emissive":[0,0,0],"specularPower":49,"alpha":1,"backFaceCulling":true,"checkReadyOnlyOnce":false,"maxSimultaneousLights":4},
{"name":"player.HelmetMetal","id":"player.HelmetMetal","ambient":[0.2346,0.2346,0.2346],"diffuse":[0.2346,0.2346,0.2346],"specular":[0,0,0],"emissive":[0,0,0],"specularPower":49,"alpha":1,"backFaceCulling":true,"checkReadyOnlyOnce":false,"maxSimultaneousLights":4},
{"name":"player.HelmetRed","id":"player.HelmetRed","ambient":[0.3506,0.0955,0.1099],"diffuse":[0.3506,0.0955,0.1099],"specular":[0,0,0],"emissive":[0,0,0],"specularPower":49,"alpha":1,"backFaceCulling":true,"checkReadyOnlyOnce":false,"maxSimultaneousLights":4},
{"name":"player.ShieldMetal","id":"player.ShieldMetal","ambient":[0.2346,0.2346,0.2346],"diffuse":[0.2346,0.2346,0.2346],"specular":[0,0,0],"emissive":[0,0,0],"specularPower":49,"alpha":1,"backFaceCulling":true,"checkReadyOnlyOnce":false,"maxSimultaneousLights":4},
{"name":"player.SwordMetal","id":"player.SwordMetal","ambient":[0.2346,0.2346,0.2346],"diffuse":[0.2346,0.2346,0.2346],"specular":[0,0,0],"emissive":[0,0,0],"specularPower":49,"alpha":1,"backFaceCulling":true,"checkReadyOnlyOnce":false,"maxSimultaneousLights":4},
{"name":"player.SwordWood","id":"player.SwordWood","ambient":[0.0369,0.016,0.0003],"diffuse":[0.0369,0.016,0.0003],"specular":[0,0,0],"emissive":[0,0,0],"specularPower":49,"alpha":1,"backFaceCulling":true,"checkReadyOnlyOnce":false,"maxSimultaneousLights":4},
{"name":"player.Iron","id":"player.Iron","ambient":[0.2159,0.2159,0.2159],"diffuse":[0.2159,0.2159,0.2159],"specular":[0,0,0],"emissive":[0,0,0],"specularPower":50,"alpha":1,"backFaceCulling":true,"checkReadyOnlyOnce":false,"maxSimultaneousLights":4},
{"name":"player.Steel","id":"player.Steel","ambient":[0.8228,0.8228,0.8228],"diffuse":[0.8228,0.8228,0.8228],"specular":[0,0,0],"emissive":[0,0,0],"specularPower":50,"alpha":1,"backFaceCulling":true,"checkReadyOnlyOnce":false,"maxSimultaneousLights":4},
{"name":"player.Aluminum","id":"player.Aluminum","ambient":[0.4851,0.624,0.6654],"diffuse":[0.4851,0.624,0.6654],"specular":[0,0,0],"emissive":[0,0,0],"specularPower":50,"alpha":1,"backFaceCulling":true,"checkReadyOnlyOnce":false,"maxSimultaneousLights":4},
{"name":"player.AluminumAlloy","id":"player.AluminumAlloy","ambient":[0.8714,0.624,0.6654],"diffuse":[0.8714,0.624,0.6654],"specular":[0,0,0],"emissive":[0,0,0],"specularPower":50,"alpha":1,"backFaceCulling":true,"checkReadyOnlyOnce":false,"maxSimultaneousLights":4},
{"name":"player.Copper","id":"player.Copper","ambient":[0.6654,0.1329,0.0307],"diffuse":[0.6654,0.1329,0.0307],"specular":[0,0,0],"emissive":[0,0,0],"specularPower":50,"alpha":1,"backFaceCulling":true,"checkReadyOnlyOnce":false,"maxSimultaneousLights":4},
{"name":"player.Bronze","id":"player.Bronze","ambient":[0.3916,0.1248,0.0144],"diffuse":[0.3916,0.1248,0.0144],"specular":[0,0,0],"emissive":[0,0,0],"specularPower":50,"alpha":1,"backFaceCulling":true,"checkReadyOnlyOnce":false,"maxSimultaneousLights":4},
{"name":"player.Tin","id":"player.Tin","ambient":[0.3916,0.3916,0.3916],"diffuse":[0.3916,0.3916,0.3916],"specular":[0,0,0],"emissive":[0,0,0],"specularPower":50,"alpha":1,"backFaceCulling":true,"checkReadyOnlyOnce":false,"maxSimultaneousLights":4},
{"name":"player.Titanium","id":"player.Titanium","ambient":[0.3763,0.1845,0.2705],"diffuse":[0.3763,0.1845,0.2705],"specular":[0,0,0],"emissive":[0,0,0],"specularPower":50,"alpha":1,"backFaceCulling":true,"checkReadyOnlyOnce":false,"maxSimultaneousLights":4},
{"name":"player.Tungsten","id":"player.Tungsten","ambient":[0.0953,0.0953,0.0999],"diffuse":[0.0953,0.0953,0.0999],"specular":[0,0,0],"emissive":[0,0,0],"specularPower":50,"alpha":1,"backFaceCulling":true,"checkReadyOnlyOnce":false,"maxSimultaneousLights":4},
{"name":"player.TungstenAlloy","id":"player.TungstenAlloy","ambient":[0.0168,0.0168,0.0168],"diffuse":[0.0168,0.0168,0.0168],"specular":[0,0,0],"emissive":[0,0,0],"specularPower":50,"alpha":1,"backFaceCulling":true,"checkReadyOnlyOnce":false,"maxSimultaneousLights":4},
{"name":"player.TitaniumAlloy","id":"player.TitaniumAlloy","ambient":[0.5647,0.0452,0.0452],"diffuse":[0.5647,0.0452,0.0452],"specular":[0,0,0],"emissive":[0,0,0],"specularPower":50,"alpha":1,"backFaceCulling":true,"checkReadyOnlyOnce":false,"maxSimultaneousLights":4},
{"name":"player.BattleAxeMetal","id":"player.BattleAxeMetal","ambient":[0.2346,0.2346,0.2346],"diffuse":[0.2346,0.2346,0.2346],"specular":[0,0,0],"emissive":[0,0,0],"specularPower":49,"alpha":1,"backFaceCulling":true,"checkReadyOnlyOnce":false,"maxSimultaneousLights":4},
{"name":"player.BattleAxeWood","id":"player.BattleAxeWood","ambient":[0.0369,0.016,0.0003],"diffuse":[0.0369,0.016,0.0003],"specular":[0,0,0],"emissive":[0,0,0],"specularPower":49,"alpha":1,"backFaceCulling":true,"checkReadyOnlyOnce":false,"maxSimultaneousLights":4},
{"name":"player.MaulMetal","id":"player.MaulMetal","ambient":[0.2346,0.2346,0.2346],"diffuse":[0.2346,0.2346,0.2346],"specular":[0,0,0],"emissive":[0,0,0],"specularPower":49,"alpha":1,"backFaceCulling":true,"checkReadyOnlyOnce":false,"maxSimultaneousLights":4},
{"name":"player.MaulWood","id":"player.MaulWood","ambient":[0.0369,0.016,0.0003],"diffuse":[0.0369,0.016,0.0003],"specular":[0,0,0],"emissive":[0,0,0],"specularPower":49,"alpha":1,"backFaceCulling":true,"checkReadyOnlyOnce":false,"maxSimultaneousLights":4},
{"name":"player.BowWood","id":"player.BowWood","ambient":[0.0369,0.016,0.0003],"diffuse":[0.0369,0.016,0.0003],"specular":[0,0,0],"emissive":[0,0,0],"specularPower":49,"alpha":1,"backFaceCulling":true,"checkReadyOnlyOnce":false,"maxSimultaneousLights":4},
{"name":"player.FishingRodWood","id":"player.FishingRodWood","ambient":[0.0369,0.016,0.0003],"diffuse":[0.0369,0.016,0.0003],"specular":[0,0,0],"emissive":[0,0,0],"specularPower":49,"alpha":1,"backFaceCulling":true,"checkReadyOnlyOnce":false,"maxSimultaneousLights":4},
{"name":"player.FlintColor","id":"player.FlintColor","ambient":[0.07,0.0687,0.0648],"diffuse":[0.07,0.0687,0.0648],"specular":[0,0,0],"emissive":[0,0,0],"specularPower":49,"alpha":1,"backFaceCulling":true,"checkReadyOnlyOnce":false,"maxSimultaneousLights":4},
{"name":"player.HatchetMetal","id":"player.HatchetMetal","ambient":[0.2346,0.2346,0.2346],"diffuse":[0.2346,0.2346,0.2346],"specular":[0,0,0],"emissive":[0,0,0],"specularPower":49,"alpha":1,"backFaceCulling":true,"checkReadyOnlyOnce":false,"maxSimultaneousLights":4},
{"name":"player.HatchetWood","id":"player.HatchetWood","ambient":[0.0369,0.016,0.0003],"diffuse":[0.0369,0.016,0.0003],"specular":[0,0,0],"emissive":[0,0,0],"specularPower":49,"alpha":1,"backFaceCulling":true,"checkReadyOnlyOnce":false,"maxSimultaneousLights":4},
{"name":"player.KnifeMetal","id":"player.KnifeMetal","ambient":[0.2346,0.2346,0.2346],"diffuse":[0.2346,0.2346,0.2346],"specular":[0,0,0],"emissive":[0,0,0],"specularPower":49,"alpha":1,"backFaceCulling":true,"checkReadyOnlyOnce":false,"maxSimultaneousLights":4},
{"name":"player.KnifeWood","id":"player.KnifeWood","ambient":[0.0369,0.016,0.0003],"diffuse":[0.0369,0.016,0.0003],"specular":[0,0,0],"emissive":[0,0,0],"specularPower":49,"alpha":1,"backFaceCulling":true,"checkReadyOnlyOnce":false,"maxSimultaneousLights":4},
{"name":"player.PickaxeMetal","id":"player.PickaxeMetal","ambient":[0.2346,0.2346,0.2346],"diffuse":[0.2346,0.2346,0.2346],"specular":[0,0,0],"emissive":[0,0,0],"specularPower":49,"alpha":1,"backFaceCulling":true,"checkReadyOnlyOnce":false,"maxSimultaneousLights":4},
{"name":"player.PickaxeWood","id":"player.PickaxeWood","ambient":[0.0369,0.016,0.0003],"diffuse":[0.0369,0.016,0.0003],"specular":[0,0,0],"emissive":[0,0,0],"specularPower":49,"alpha":1,"backFaceCulling":true,"checkReadyOnlyOnce":false,"maxSimultaneousLights":4},
{"name":"player.SharpRockStone","id":"player.SharpRockStone","ambient":[0.2384,0.2384,0.2384],"diffuse":[0.2384,0.2384,0.2384],"specular":[0,0,0],"emissive":[0,0,0],"specularPower":49,"alpha":1,"backFaceCulling":true,"checkReadyOnlyOnce":false,"maxSimultaneousLights":4},
{"name":"player.BluntRockStone","id":"player.BluntRockStone","ambient":[0.2384,0.2384,0.2384],"diffuse":[0.2384,0.2384,0.2384],"specular":[0,0,0],"emissive":[0,0,0],"specularPower":49,"alpha":1,"backFaceCulling":true,"checkReadyOnlyOnce":false,"maxSimultaneousLights":4},
{"name":"player.StickWood","id":"player.StickWood","ambient":[0.0369,0.016,0.0003],"diffuse":[0.0369,0.016,0.0003],"specular":[0,0,0],"emissive":[0,0,0],"specularPower":49,"alpha":1,"backFaceCulling":true,"checkReadyOnlyOnce":false,"maxSimultaneousLights":4},
{"name":"player.Fruit","id":"player.Fruit","ambient":[0.2195,0.0844,0.0409],"diffuse":[0.2195,0.0844,0.0409],"specular":[0,0,0],"emissive":[0,0,0],"specularPower":50,"alpha":1,"backFaceCulling":true,"checkReadyOnlyOnce":false,"maxSimultaneousLights":4},
{"name":"player.Oak","id":"player.Oak","ambient":[0.0908,0.0369,0.0037],"diffuse":[0.0908,0.0369,0.0037],"specular":[0,0,0],"emissive":[0,0,0],"specularPower":50,"alpha":1,"backFaceCulling":true,"checkReadyOnlyOnce":false,"maxSimultaneousLights":4},
{"name":"player.Maple","id":"player.Maple","ambient":[0.0222,0.0194,0.013],"diffuse":[0.0222,0.0194,0.013],"specular":[0,0,0],"emissive":[0,0,0],"specularPower":50,"alpha":1,"backFaceCulling":true,"checkReadyOnlyOnce":false,"maxSimultaneousLights":4},
{"name":"player.Backpack","id":"player.Backpack","ambient":[1,1,1],"diffuse":[1,1,1],"specular":[0,0,0],"emissive":[0,0,0],"specularPower":50,"alpha":1,"backFaceCulling":true,"checkReadyOnlyOnce":false,"maxSimultaneousLights":4},
{"name":"player.PlatelegsMetal","id":"player.PlatelegsMetal","ambient":[0.5395,0.5395,0.5395],"diffuse":[0.5395,0.5395,0.5395],"specular":[0,0,0],"emissive":[0,0,0],"specularPower":50,"alpha":1,"backFaceCulling":true,"checkReadyOnlyOnce":false,"maxSimultaneousLights":4},
{"name":"player.MaceMetal","id":"player.MaceMetal","ambient":[0.2346,0.2346,0.2346],"diffuse":[0.2346,0.2346,0.2346],"specular":[0,0,0],"emissive":[0,0,0],"specularPower":49,"alpha":1,"backFaceCulling":true,"checkReadyOnlyOnce":false,"maxSimultaneousLights":4},
{"name":"player.MaceWood","id":"player.MaceWood","ambient":[0.0369,0.016,0.0003],"diffuse":[0.0369,0.016,0.0003],"specular":[0,0,0],"emissive":[0,0,0],"specularPower":49,"alpha":1,"backFaceCulling":true,"checkReadyOnlyOnce":false,"maxSimultaneousLights":4}],
"multiMaterials":[{"name":"player.Multimaterial#0","id":"player.Multimaterial#0","materials":["player.Skin","player.Hair","player.LoinCloth","player.Quiver","player.Cloth","player.Leather","player.SkinTorso","player.SkinLegs","player.PlatebodyMetal","player.HammerMetal","player.HammerWood","player.SpearWoodInside","player.SpearWood","player.HelmetMetal","player.HelmetRed","player.ShieldMetal","player.SwordMetal","player.SwordWood","player.Iron","player.Steel","player.Aluminum","player.AluminumAlloy","player.Copper","player.Bronze","player.Tin","player.Titanium","player.Tungsten","player.TungstenAlloy","player.TitaniumAlloy","player.BattleAxeMetal","player.BattleAxeWood","player.MaulMetal","player.MaulWood","player.BowWood","player.FishingRodWood","player.FlintColor","player.HatchetMetal","player.HatchetWood","player.KnifeMetal","player.KnifeWood","player.PickaxeMetal","player.PickaxeWood","player.SharpRockStone","player.BluntRockStone","player.StickWood","player.Fruit","player.Oak","player.Maple","player.Backpack","player.PlatelegsMetal","player.MaceMetal","player.MaceWood"]}],
"skeletons":[{"name":"Armature","id":0,"dimensionsAtRest":[3.0035,3.4862,1],"bones":[
{"name":"Bone","index":0,"matrix":[1,0,0,0,0,0,-1,0,0,-1,0,0,0,-0.2008,0.6924,1],"rest":[1,0,0,0,0,0,-1,0,0,-1,0,0,0,-0.134,0.6924,1],"parentBoneIndex":-1,"length":1
,"animation":{"dataType":3,"framePerSecond":60,"keys":[
{"frame":0,"values":[1,0,0,0,0,0,-1,0,0,-1,0,0,0,-0.2008,0.6924,1]},
{"frame":331,"values":[0.3832,-0.9237,0,0,0.9227,0.3828,-0.0459,0,-0.0424,-0.0176,-0.9989,0,-0.7808,0.1221,-2.1126,1]},
{"frame":411,"values":[1,0,0,0,0,0,-1,0,0,-1,0,0,0,-0.2008,0.6924,1]},
{"frame":675,"values":[1,0,0,0,0,0,-1,0,0,-1,0,0,0,-0.2008,0.6924,1]}],"loopBehavior":1,"name":"anim","property":"_matrix"}},
{"name":"Thigh_L","index":1,"matrix":[-0.9953,0.0966,0.0055,0,0.0056,0.0008,1,0,0.0965,0.9953,-0.0013,0,0.2512,0.6897,-1.3854,1],"rest":[-0.991,0.007,0.1334,0,0.1296,-0.1934,0.9725,0,0.0326,0.9811,0.1908,0,0.2512,0.6897,-1.3854,1],"parentBoneIndex":0,"length":0.6692
,"animation":{"dataType":3,"framePerSecond":60,"keys":[
{"frame":0,"values":[-0.9953,0.0966,0.0055,0,0.0056,0.0008,1,0,0.0965,0.9953,-0.0013,0,0.2512,0.6897,-1.3854,1]},
{"frame":61,"values":[-0.9953,0.086,-0.0442,0,0.0056,0.5071,0.8618,0,0.0965,0.8576,-0.5053,0,0.2512,0.6897,-1.3854,1]},
{"frame":62,"values":[-0.9953,0.087,-0.0421,0,0.0056,0.487,0.8734,0,0.0965,0.869,-0.4852,0,0.2512,0.6897,-1.3854,1]},
{"frame":63,"values":[-0.9953,0.0886,-0.0387,0,0.0056,0.4528,0.8916,0,0.0965,0.8872,-0.4512,0,0.2512,0.6897,-1.3854,1]},
{"frame":64,"values":[-0.9953,0.0902,-0.0349,0,0.0056,0.4139,0.9103,0,0.0965,0.9058,-0.4125,0,0.2512,0.6897,-1.3854,1]},
{"frame":65,"values":[-0.9953,0.0917,-0.0308,0,0.0056,0.3726,0.928,0,0.0965,0.9234,-0.3714,0,0.2512,0.6897,-1.3854,1]},
{"frame":66,"values":[-0.9953,0.093,-0.0266,0,0.0056,0.3302,0.9439,0,0.0965,0.9393,-0.3292,0,0.2512,0.6897,-1.3854,1]},
{"frame":67,"values":[-0.9953,0.0941,-0.0224,0,0.0056,0.2875,0.9578,0,0.0965,0.9531,-0.2867,0,0.2512,0.6897,-1.3854,1]},
{"frame":68,"values":[-0.9953,0.095,-0.0183,0,0.0056,0.2451,0.9695,0,0.0965,0.9648,-0.2445,0,0.2512,0.6897,-1.3854,1]},
{"frame":69,"values":[-0.9953,0.0957,-0.0142,0,0.0056,0.2035,0.9791,0,0.0965,0.9744,-0.2031,0,0.2512,0.6897,-1.3854,1]},
{"frame":70,"values":[-0.9953,0.0962,-0.0103,0,0.0056,0.1632,0.9866,0,0.0965,0.9819,-0.163,0,0.2512,0.6897,-1.3854,1]},
{"frame":71,"values":[-0.9953,0.0965,-0.0065,0,0.0056,0.1247,0.9922,0,0.0965,0.9875,-0.1247,0,0.2512,0.6897,-1.3854,1]},
{"frame":72,"values":[-0.9953,0.0967,-0.003,0,0.0056,0.0884,0.9961,0,0.0965,0.9914,-0.0885,0,0.2512,0.6897,-1.3854,1]},
{"frame":73,"values":[-0.9953,0.0967,0.0003,0,0.0056,0.0546,0.9985,0,0.0965,0.9938,-0.0549,0,0.2512,0.6897,-1.3854,1]},
{"frame":74,"values":[-0.9953,0.0967,0.0033,0,0.0056,0.0237,0.9997,0,0.0965,0.995,-0.0241,0,0.2512,0.6897,-1.3854,1]},
{"frame":75,"values":[-0.9953,0.0965,0.006,0,0.0056,-0.0039,1,0,0.0965,0.9953,0.0033,0,0.2512,0.6897,-1.3854,1]},
{"frame":76,"values":[-0.9953,0.0964,0.0083,0,0.0056,-0.0277,0.9996,0,0.0965,0.995,0.0271,0,0.2512,0.6897,-1.3854,1]},
{"frame":77,"values":[-0.9953,0.0962,0.0102,0,0.0056,-0.0474,0.9989,0,0.0965,0.9942,0.0467,0,0.2512,0.6897,-1.3854,1]},
{"frame":78,"values":[-0.9953,0.096,0.0116,0,0.0056,-0.0624,0.998,0,0.0965,0.9934,0.0616,0,0.2512,0.6897,-1.3854,1]},
{"frame":79,"values":[-0.9953,0.0959,0.0125,0,0.0056,-0.072,0.9974,0,0.0965,0.9928,0.0711,0,0.2512,0.6897,-1.3854,1]},
{"frame":80,"values":[-0.9953,0.0959,0.0128,0,0.0056,-0.0754,0.9971,0,0.0965,0.9925,0.0745,0,0.2512,0.6897,-1.3854,1]},
{"frame":81,"values":[-0.9953,0.0959,0.0126,0,0.0056,-0.0731,0.9973,0,0.0965,0.9927,0.0722,0,0.2512,0.6897,-1.3854,1]},
{"frame":82,"values":[-0.9953,0.096,0.012,0,0.0056,-0.0661,0.9978,0,0.0965,0.9932,0.0653,0,0.2512,0.6897,-1.3854,1]},
{"frame":83,"values":[-0.9953,0.0961,0.0108,0,0.0056,-0.0542,0.9985,0,0.0965,0.9939,0.0534,0,0.2512,0.6897,-1.3854,1]},
{"frame":84,"values":[-0.9953,0.0963,0.0092,0,0.0056,-0.0374,0.9993,0,0.0965,0.9947,0.0367,0,0.2512,0.6897,-1.3854,1]},
{"frame":85,"values":[-0.9953,0.0965,0.0071,0,0.0056,-0.0156,0.9999,0,0.0965,0.9952,0.015,0,0.2512,0.6897,-1.3854,1]},
{"frame":86,"values":[-0.9953,0.0966,0.0045,0,0.0056,0.011,0.9999,0,0.0965,0.9953,-0.0115,0,0.2512,0.6897,-1.3854,1]},
{"frame":87,"values":[-0.9953,0.0967,0.0015,0,0.0056,0.0421,0.9991,0,0.0965,0.9944,-0.0425,0,0.2512,0.6897,-1.3854,1]},
{"frame":88,"values":[-0.9953,0.0967,-0.0019,0,0.0056,0.0772,0.997,0,0.0965,0.9923,-0.0774,0,0.2512,0.6897,-1.3854,1]},
{"frame":89,"values":[-0.9953,0.0965,-0.0056,0,0.0056,0.1157,0.9933,0,0.0965,0.9886,-0.1156,0,0.2512,0.6897,-1.3854,1]},
{"frame":90,"values":[-0.9953,0.0962,-0.0096,0,0.0056,0.1565,0.9877,0,0.0965,0.983,-0.1563,0,0.2512,0.6897,-1.3854,1]},
{"frame":91,"values":[-0.9953,0.0957,-0.0137,0,0.0056,0.1987,0.98,0,0.0965,0.9754,-0.1983,0,0.2512,0.6897,-1.3854,1]},
{"frame":92,"values":[-0.9953,0.095,-0.0179,0,0.0056,0.2414,0.9704,0,0.0965,0.9658,-0.2408,0,0.2512,0.6897,-1.3854,1]},
{"frame":93,"values":[-0.9953,0.0942,-0.022,0,0.0056,0.2834,0.959,0,0.0965,0.9544,-0.2826,0,0.2512,0.6897,-1.3854,1]},
{"frame":94,"values":[-0.9953,0.0932,-0.026,0,0.0056,0.3238,0.9461,0,0.0965,0.9415,-0.3228,0,0.2512,0.6897,-1.3854,1]},
{"frame":95,"values":[-0.9953,0.092,-0.0298,0,0.0056,0.3621,0.9321,0,0.0965,0.9276,-0.3609,0,0.2512,0.6897,-1.3854,1]},
{"frame":96,"values":[-0.9953,0.0908,-0.0333,0,0.0056,0.3976,0.9176,0,0.0965,0.9131,-0.3962,0,0.2512,0.6897,-1.3854,1]},
{"frame":97,"values":[-0.9953,0.0896,-0.0365,0,0.0056,0.4299,0.9028,0,0.0965,0.8984,-0.4284,0,0.2512,0.6897,-1.3854,1]},
{"frame":98,"values":[-0.9953,0.0883,-0.0394,0,0.0056,0.459,0.8884,0,0.0965,0.884,-0.4573,0,0.2512,0.6897,-1.3854,1]},
{"frame":99,"values":[-0.9953,0.0872,-0.0419,0,0.0056,0.4847,0.8747,0,0.0965,0.8703,-0.4829,0,0.2512,0.6897,-1.3854,1]},
{"frame":100,"values":[-0.9953,0.086,-0.0442,0,0.0056,0.5071,0.8618,0,0.0965,0.8576,-0.5053,0,0.2512,0.6897,-1.3854,1]},
{"frame":101,"values":[-0.9953,0.0849,-0.0463,0,0.0056,0.5281,0.8492,0,0.0965,0.8449,-0.5261,0,0.2512,0.6897,-1.3854,1]},
{"frame":102,"values":[-0.9953,0.0837,-0.0484,0,0.0056,0.5493,0.8356,0,0.0965,0.8314,-0.5472,0,0.2512,0.6897,-1.3854,1]},
{"frame":103,"values":[-0.9953,0.0825,-0.0505,0,0.0056,0.5707,0.8212,0,0.0965,0.817,-0.5685,0,0.2512,0.6897,-1.3854,1]},
{"frame":104,"values":[-0.9953,0.0811,-0.0527,0,0.0056,0.592,0.8059,0,0.0965,0.8019,-0.5897,0,0.2512,0.6897,-1.3854,1]},
{"frame":105,"values":[-0.9953,0.0797,-0.0548,0,0.0056,0.6131,0.79,0,0.0965,0.786,-0.6107,0,0.2512,0.6897,-1.3854,1]},
{"frame":106,"values":[-0.9953,0.0782,-0.0569,0,0.0056,0.6339,0.7734,0,0.0965,0.7695,-0.6314,0,0.2512,0.6897,-1.3854,1]},
{"frame":107,"values":[-0.9953,0.0767,-0.0589,0,0.0056,0.6541,0.7564,0,0.0965,0.7525,-0.6515,0,0.2512,0.6897,-1.3854,1]},
{"frame":108,"values":[-0.9953,0.0751,-0.0609,0,0.0056,0.6735,0.7392,0,0.0965,0.7354,-0.6708,0,0.2512,0.6897,-1.3854,1]},
{"frame":109,"values":[-0.9953,0.0736,-0.0628,0,0.0056,0.6919,0.722,0,0.0965,0.7183,-0.6891,0,0.2512,0.6897,-1.3854,1]},
{"frame":110,"values":[-0.9953,0.072,-0.0645,0,0.0056,0.7091,0.7051,0,0.0965,0.7015,-0.7061,0,0.2512,0.6897,-1.3854,1]},
{"frame":111,"values":[-0.9953,0.0706,-0.0661,0,0.0056,0.7249,0.6889,0,0.0965,0.6853,-0.7219,0,0.2512,0.6897,-1.3854,1]},
{"frame":112,"values":[-0.9953,0.0692,-0.0676,0,0.0056,0.7391,0.6736,0,0.0965,0.67,-0.736,0,0.2512,0.6897,-1.3854,1]},
{"frame":113,"values":[-0.9953,0.0679,-0.0689,0,0.0056,0.7518,0.6594,0,0.0965,0.6559,-0.7486,0,0.2512,0.6897,-1.3854,1]},
{"frame":114,"values":[-0.9953,0.0667,-0.07,0,0.0056,0.7628,0.6467,0,0.0965,0.6432,-0.7595,0,0.2512,0.6897,-1.3854,1]},
{"frame":115,"values":[-0.9953,0.0657,-0.071,0,0.0056,0.7721,0.6355,0,0.0965,0.6321,-0.7688,0,0.2512,0.6897,-1.3854,1]},
{"frame":116,"values":[-0.9953,0.0648,-0.0718,0,0.0056,0.7797,0.6261,0,0.0965,0.6227,-0.7765,0,0.2512,0.6897,-1.3854,1]},
{"frame":117,"values":[-0.9953,0.0641,-0.0724,0,0.0056,0.7858,0.6184,0,0.0965,0.6151,-0.7825,0,0.2512,0.6897,-1.3854,1]},
{"frame":118,"values":[-0.9953,0.0636,-0.0729,0,0.0056,0.7904,0.6125,0,0.0965,0.6092,-0.7871,0,0.2512,0.6897,-1.3854,1]},
{"frame":119,"values":[-0.9953,0.0632,-0.0732,0,0.0056,0.7936,0.6084,0,0.0965,0.6051,-0.7902,0,0.2512,0.6897,-1.3854,1]},
{"frame":120,"values":[-0.9953,0.0629,-0.0734,0,0.0056,0.7955,0.606,0,0.0965,0.6027,-0.7921,0,0.2512,0.6897,-1.3854,1]},
{"frame":121,"values":[-0.9953,0.0629,-0.0735,0,0.0056,0.7961,0.6052,0,0.0965,0.602,-0.7927,0,0.2512,0.6897,-1.3854,1]},
{"frame":122,"values":[-0.9953,0.0634,-0.073,0,0.0056,0.7915,0.6111,0,0.0965,0.6079,-0.7881,0,0.2512,0.6897,-1.3854,1]},
{"frame":123,"values":[-0.9953,0.0651,-0.0715,0,0.0056,0.7774,0.629,0,0.0965,0.6256,-0.7741,0,0.2512,0.6897,-1.3854,1]},
{"frame":124,"values":[-0.9953,0.0678,-0.069,0,0.0056,0.7527,0.6583,0,0.0965,0.6549,-0.7495,0,0.2512,0.6897,-1.3854,1]},
{"frame":125,"values":[-0.9953,0.0714,-0.0652,0,0.0056,0.7159,0.6982,0,0.0965,0.6945,-0.713,0,0.2512,0.6897,-1.3854,1]},
{"frame":126,"values":[-0.9953,0.0758,-0.0601,0,0.0056,0.6654,0.7465,0,0.0965,0.7426,-0.6627,0,0.2512,0.6897,-1.3854,1]},
{"frame":127,"values":[-0.9953,0.0806,-0.0534,0,0.0056,0.5998,0.8001,0,0.0965,0.7961,-0.5974,0,0.2512,0.6897,-1.3854,1]},
{"frame":128,"values":[-0.9953,0.0854,-0.0453,0,0.0056,0.5186,0.855,0,0.0965,0.8507,-0.5167,0,0.2512,0.6897,-1.3854,1]},
{"frame":129,"values":[-0.9953,0.0899,-0.0358,0,0.0056,0.4229,0.9061,0,0.0965,0.9017,-0.4215,0,0.2512,0.6897,-1.3854,1]},
{"frame":130,"values":[-0.9953,0.0934,-0.0252,0,0.0056,0.3158,0.9488,0,0.0965,0.9442,-0.3148,0,0.2512,0.6897,-1.3854,1]},
{"frame":131,"values":[-0.9953,0.0957,-0.014,0,0.0056,0.2021,0.9793,0,0.0965,0.9747,-0.2017,0,0.2512,0.6897,-1.3854,1]},
{"frame":132,"values":[-0.9953,0.0967,-0.0029,0,0.0056,0.088,0.9961,0,0.0965,0.9914,-0.0881,0,0.2512,0.6897,-1.3854,1]},
{"frame":133,"values":[-0.9953,0.0964,0.0076,0,0.0056,-0.0205,0.9998,0,0.0965,0.9951,0.0198,0,0.2512,0.6897,-1.3854,1]},
{"frame":134,"values":[-0.9953,0.0952,0.017,0,0.0056,-0.1182,0.993,0,0.0965,0.9884,0.1171,0,0.2512,0.6897,-1.3854,1]},
{"frame":135,"values":[-0.9953,0.0934,0.025,0,0.0056,-0.2018,0.9794,0,0.0966,0.975,0.2004,0,0.2512,0.6897,-1.3854,1]},
{"frame":136,"values":[-0.9953,0.0915,0.0314,0,0.0056,-0.2698,0.9629,0,0.0966,0.9586,0.268,0,0.2512,0.6897,-1.3854,1]},
{"frame":137,"values":[-0.9953,0.0896,0.0363,0,0.0056,-0.3215,0.9469,0,0.0966,0.9426,0.3195,0,0.2512,0.6897,-1.3854,1]},
{"frame":138,"values":[-0.9953,0.0882,0.0397,0,0.0056,-0.3576,0.9338,0,0.0966,0.9297,0.3555,0,0.2512,0.6897,-1.3854,1]},
{"frame":139,"values":[-0.9953,0.0872,0.0417,0,0.0056,-0.3788,0.9255,0,0.0966,0.9214,0.3765,0,0.2512,0.6897,-1.3854,1]},
{"frame":140,"values":[-0.9953,0.0869,0.0424,0,0.0056,-0.3857,0.9226,0,0.0966,0.9185,0.3834,0,0.2512,0.6897,-1.3854,1]},
{"frame":141,"values":[-0.9953,0.0872,0.0418,0,0.0056,-0.3798,0.925,0,0.0966,0.9209,0.3776,0,0.2512,0.6897,-1.3854,1]},
{"frame":142,"values":[-0.9953,0.0879,0.0403,0,0.0056,-0.3632,0.9317,0,0.0966,0.9276,0.361,0,0.2512,0.6897,-1.3854,1]},
{"frame":143,"values":[-0.9953,0.089,0.0378,0,0.0056,-0.3369,0.9415,0,0.0966,0.9373,0.3348,0,0.2512,0.6897,-1.3854,1]},
{"frame":144,"values":[-0.9953,0.0904,0.0344,0,0.0056,-0.3016,0.9534,0,0.0966,0.9491,0.2997,0,0.2512,0.6897,-1.3854,1]},
{"frame":145,"values":[-0.9953,0.0919,0.0303,0,0.0056,-0.2578,0.9662,0,0.0966,0.9618,0.256,0,0.2512,0.6897,-1.3854,1]},
{"frame":146,"values":[-0.9953,0.0933,0.0253,0,0.0056,-0.2058,0.9786,0,0.0966,0.9741,0.2043,0,0.2512,0.6897,-1.3854,1]},
{"frame":147,"values":[-0.9953,0.0947,0.0196,0,0.0056,-0.1462,0.9892,0,0.0966,0.9847,0.1449,0,0.2512,0.6897,-1.3854,1]},
{"frame":148,"values":[-0.9953,0.0958,0.0132,0,0.0056,-0.0793,0.9968,0,0.0965,0.9922,0.0784,0,0.2512,0.6897,-1.3854,1]},
{"frame":149,"values":[-0.9953,0.0965,0.0062,0,0.0056,-0.006,1,0,0.0965,0.9953,0.0054,0,0.2512,0.6897,-1.3854,1]},
{"frame":150,"values":[-0.9953,0.0967,-0.0015,0,0.0056,0.0729,0.9973,0,0.0965,0.9926,-0.0731,0,0.2512,0.6897,-1.3854,1]},
{"frame":151,"values":[-0.9953,0.0962,-0.0096,0,0.0056,0.1561,0.9877,0,0.0965,0.983,-0.1559,0,0.2512,0.6897,-1.3854,1]},
{"frame":152,"values":[-0.9953,0.095,-0.018,0,0.0056,0.2423,0.9702,0,0.0965,0.9655,-0.2417,0,0.2512,0.6897,-1.3854,1]},
{"frame":153,"values":[-0.9953,0.093,-0.0266,0,0.0056,0.3297,0.9441,0,0.0965,0.9395,-0.3287,0,0.2512,0.6897,-1.3854,1]},
{"frame":154,"values":[-0.9953,0.0901,-0.0351,0,0.0056,0.4164,0.9092,0,0.0965,0.9047,-0.4149,0,0.2512,0.6897,-1.3854,1]},
{"frame":155,"values":[-0.9953,0.0864,-0.0435,0,0.0056,0.5003,0.8658,0,0.0965,0.8615,-0.4985,0,0.2512,0.6897,-1.3854,1]},
{"frame":156,"values":[-0.9953,0.0819,-0.0514,0,0.0056,0.5796,0.8149,0,0.0965,0.8108,-0.5773,0,0.2512,0.6897,-1.3854,1]},
{"frame":157,"values":[-0.9953,0.0768,-0.0587,0,0.0056,0.6521,0.7581,0,0.0965,0.7543,-0.6494,0,0.2512,0.6897,-1.3854,1]},
{"frame":158,"values":[-0.9953,0.0714,-0.0652,0,0.0056,0.7156,0.6984,0,0.0965,0.6948,-0.7127,0,0.2512,0.6897,-1.3854,1]},
{"frame":159,"values":[-0.9953,0.0662,-0.0705,0,0.0056,0.7673,0.6413,0,0.0965,0.6379,-0.7641,0,0.2512,0.6897,-1.3854,1]},
{"frame":160,"values":[-0.9953,0.0629,-0.0735,0,0.0056,0.7961,0.6052,0,0.0965,0.602,-0.7927,0,0.2512,0.6897,-1.3854,1]},
{"frame":161,"values":[-0.9953,0.0966,0.0055,0,0.0056,0.0008,1,0,0.0965,0.9953,-0.0013,0,0.2512,0.6897,-1.3854,1]},
{"frame":321,"values":[-0.8353,0.5169,0.1871,0,0.4936,0.5554,0.6693,0,0.242,0.6515,-0.719,0,0.2512,0.6897,-1.3854,1]},
{"frame":331,"values":[-0.9037,0.3298,0.2729,0,0.3912,0.8951,0.2136,0,-0.1739,0.2998,-0.938,0,0.2512,0.6897,-1.3854,1]},
{"frame":411,"values":[-0.9953,0.0966,0.0055,0,0.0056,0.0008,1,0,0.0965,0.9953,-0.0013,0,0.2512,0.6897,-1.3854,1]},
{"frame":675,"values":[-0.9953,0.0966,0.0055,0,0.0056,0.0008,1,0,0.0965,0.9953,-0.0013,0,0.2512,0.6897,-1.3854,1]}],"loopBehavior":1,"name":"anim","property":"_matrix"}},
{"name":"Leg_L","index":2,"matrix":[0.0331,-0.0378,0.9987,0,-0.0257,0.9989,0.0386,0,-0.9991,-0.0269,0.0321,0,0,0.6692,0,1],"rest":[0.0091,0.017,0.9998,0,-0.0402,0.9991,-0.0167,0,-0.9991,-0.0401,0.0097,0,0,0.6692,0,1],"parentBoneIndex":1,"length":0.5137
,"animation":{"dataType":3,"framePerSecond":60,"keys":[
{"frame":0,"values":[0.0331,-0.0378,0.9987,0,-0.0257,0.9989,0.0386,0,-0.9991,-0.0269,0.0321,0,0,0.6692,0,1]},
{"frame":61,"values":[0.0196,0.5646,0.8252,0,-0.0849,0.8233,-0.5612,0,-0.9962,-0.059,0.0641,0,0,0.6692,0,1]},
{"frame":62,"values":[0.0181,0.5886,0.8082,0,-0.0873,0.8062,-0.5852,0,-0.996,-0.0599,0.066,0,0,0.6692,0,1]},
{"frame":63,"values":[0.0173,0.6015,0.7987,0,-0.0886,0.7966,-0.598,0,-0.9959,-0.0604,0.0671,0,0,0.6692,0,1]},
{"frame":64,"values":[0.0167,0.6103,0.792,0,-0.0895,0.7898,-0.6068,0,-0.9958,-0.0607,0.0678,0,0,0.6692,0,1]},
{"frame":65,"values":[0.0162,0.6168,0.7869,0,-0.0901,0.7847,-0.6132,0,-0.9958,-0.061,0.0683,0,0,0.6692,0,1]},
{"frame":66,"values":[0.0159,0.6218,0.783,0,-0.0906,0.7807,-0.6182,0,-0.9958,-0.0612,0.0688,0,0,0.6692,0,1]},
{"frame":67,"values":[0.0156,0.6258,0.7798,0,-0.091,0.7776,-0.6222,0,-0.9957,-0.0613,0.0691,0,0,0.6692,0,1]},
{"frame":68,"values":[0.0154,0.6289,0.7773,0,-0.0914,0.775,-0.6253,0,-0.9957,-0.0614,0.0694,0,0,0.6692,0,1]},
{"frame":69,"values":[0.0152,0.6315,0.7753,0,-0.0916,0.773,-0.6278,0,-0.9957,-0.0615,0.0696,0,0,0.6692,0,1]},
{"frame":70,"values":[0.015,0.6335,0.7736,0,-0.0918,0.7713,-0.6298,0,-0.9957,-0.0616,0.0698,0,0,0.6692,0,1]},
{"frame":71,"values":[0.0149,0.6351,0.7723,0,-0.092,0.77,-0.6314,0,-0.9956,-0.0616,0.0699,0,0,0.6692,0,1]},
{"frame":72,"values":[0.0148,0.6363,0.7713,0,-0.0921,0.769,-0.6326,0,-0.9956,-0.0617,0.07,0,0,0.6692,0,1]},
{"frame":73,"values":[0.0148,0.6372,0.7705,0,-0.0922,0.7682,-0.6336,0,-0.9956,-0.0617,0.0701,0,0,0.6692,0,1]},
{"frame":74,"values":[0.0147,0.638,0.7699,0,-0.0923,0.7676,-0.6343,0,-0.9956,-0.0617,0.0701,0,0,0.6692,0,1]},
{"frame":75,"values":[0.0147,0.6385,0.7695,0,-0.0923,0.7672,-0.6348,0,-0.9956,-0.0617,0.0702,0,0,0.6692,0,1]},
{"frame":76,"values":[0.0146,0.6388,0.7692,0,-0.0924,0.7669,-0.6351,0,-0.9956,-0.0618,0.0702,0,0,0.6692,0,1]},
{"frame":77,"values":[0.0146,0.639,0.769,0,-0.0924,0.7667,-0.6353,0,-0.9956,-0.0618,0.0702,0,0,0.6692,0,1]},
{"frame":78,"values":[0.0146,0.6391,0.769,0,-0.0924,0.7666,-0.6354,0,-0.9956,-0.0618,0.0703,0,0,0.6692,0,1]},
{"frame":79,"values":[0.0146,0.6392,0.7689,0,-0.0924,0.7666,-0.6355,0,-0.9956,-0.0618,0.0703,0,0,0.6692,0,1]},
{"frame":81,"values":[0.0146,0.6388,0.7692,0,-0.0924,0.7669,-0.6351,0,-0.9956,-0.0617,0.0702,0,0,0.6692,0,1]},
{"frame":82,"values":[0.0147,0.6376,0.7702,0,-0.0922,0.7679,-0.6339,0,-0.9956,-0.0617,0.0701,0,0,0.6692,0,1]},
{"frame":83,"values":[0.0149,0.6356,0.7719,0,-0.092,0.7696,-0.6319,0,-0.9956,-0.0616,0.0699,0,0,0.6692,0,1]},
{"frame":84,"values":[0.0151,0.6328,0.7742,0,-0.0917,0.7719,-0.6291,0,-0.9957,-0.0615,0.0697,0,0,0.6692,0,1]},
{"frame":85,"values":[0.0153,0.6292,0.7771,0,-0.0914,0.7748,-0.6255,0,-0.9957,-0.0614,0.0694,0,0,0.6692,0,1]},
{"frame":86,"values":[0.0157,0.6249,0.7806,0,-0.091,0.7783,-0.6213,0,-0.9957,-0.0613,0.069,0,0,0.6692,0,1]},
{"frame":87,"values":[0.016,0.6199,0.7845,0,-0.0905,0.7823,-0.6163,0,-0.9958,-0.0611,0.0686,0,0,0.6692,0,1]},
{"frame":88,"values":[0.0164,0.6145,0.7888,0,-0.0899,0.7866,-0.6109,0,-0.9958,-0.0609,0.0681,0,0,0.6692,0,1]},
{"frame":89,"values":[0.0168,0.6086,0.7933,0,-0.0893,0.7911,-0.6051,0,-0.9959,-0.0607,0.0676,0,0,0.6692,0,1]},
{"frame":90,"values":[0.0172,0.6025,0.7979,0,-0.0887,0.7958,-0.599,0,-0.9959,-0.0605,0.0671,0,0,0.6692,0,1]},
{"frame":91,"values":[0.0176,0.5964,0.8025,0,-0.0881,0.8004,-0.5929,0,-0.996,-0.0602,0.0666,0,0,0.6692,0,1]},
{"frame":92,"values":[0.018,0.5905,0.8069,0,-0.0875,0.8048,-0.587,0,-0.996,-0.06,0.0662,0,0,0.6692,0,1]},
{"frame":93,"values":[0.0184,0.5848,0.8109,0,-0.0869,0.8089,-0.5814,0,-0.996,-0.0598,0.0657,0,0,0.6692,0,1]},
{"frame":94,"values":[0.0187,0.5797,0.8146,0,-0.0864,0.8127,-0.5763,0,-0.9961,-0.0596,0.0653,0,0,0.6692,0,1]},
{"frame":95,"values":[0.019,0.5752,0.8178,0,-0.0859,0.8159,-0.5718,0,-0.9961,-0.0594,0.0649,0,0,0.6692,0,1]},
{"frame":96,"values":[0.0192,0.5714,0.8205,0,-0.0856,0.8185,-0.5681,0,-0.9961,-0.0593,0.0646,0,0,0.6692,0,1]},
{"frame":97,"values":[0.0194,0.5684,0.8225,0,-0.0853,0.8206,-0.5651,0,-0.9962,-0.0592,0.0644,0,0,0.6692,0,1]},
{"frame":98,"values":[0.0195,0.5663,0.824,0,-0.085,0.8221,-0.5629,0,-0.9962,-0.0591,0.0642,0,0,0.6692,0,1]},
{"frame":99,"values":[0.0196,0.565,0.8249,0,-0.0849,0.823,-0.5617,0,-0.9962,-0.059,0.0641,0,0,0.6692,0,1]},
{"frame":100,"values":[0.0196,0.5646,0.8252,0,-0.0849,0.8233,-0.5612,0,-0.9962,-0.059,0.0641,0,0,0.6692,0,1]},
{"frame":101,"values":[0.0196,0.5657,0.8244,0,-0.085,0.8225,-0.5624,0,-0.9962,-0.0591,0.0642,0,0,0.6692,0,1]},
{"frame":102,"values":[0.0194,0.5691,0.8221,0,-0.0853,0.8202,-0.5657,0,-0.9962,-0.0592,0.0644,0,0,0.6692,0,1]},
{"frame":103,"values":[0.019,0.5747,0.8181,0,-0.0859,0.8162,-0.5714,0,-0.9961,-0.0594,0.0649,0,0,0.6692,0,1]},
{"frame":104,"values":[0.0185,0.5826,0.8126,0,-0.0867,0.8106,-0.5792,0,-0.9961,-0.0597,0.0655,0,0,0.6692,0,1]},
{"frame":105,"values":[0.0179,0.5925,0.8054,0,-0.0877,0.8033,-0.5891,0,-0.996,-0.0601,0.0663,0,0,0.6692,0,1]},
{"frame":106,"values":[0.0171,0.6043,0.7966,0,-0.0889,0.7944,-0.6008,0,-0.9959,-0.0605,0.0673,0,0,0.6692,0,1]},
{"frame":107,"values":[0.0162,0.6177,0.7862,0,-0.0902,0.784,-0.6142,0,-0.9958,-0.061,0.0684,0,0,0.6692,0,1]},
{"frame":108,"values":[0.0151,0.6324,0.7745,0,-0.0917,0.7722,-0.6287,0,-0.9957,-0.0615,0.0697,0,0,0.6692,0,1]},
{"frame":109,"values":[0.0139,0.6479,0.7616,0,-0.0933,0.7592,-0.6442,0,-0.9955,-0.0621,0.071,0,0,0.6692,0,1]},
{"frame":110,"values":[0.0127,0.6638,0.7478,0,-0.0949,0.7453,-0.66,0,-0.9954,-0.0626,0.0725,0,0,0.6692,0,1]},
{"frame":111,"values":[0.0114,0.6796,0.7334,0,-0.0965,0.7308,-0.6757,0,-0.9953,-0.0631,0.0739,0,0,0.6692,0,1]},
{"frame":112,"values":[0.0101,0.6949,0.719,0,-0.0981,0.7162,-0.6909,0,-0.9951,-0.0635,0.0754,0,0,0.6692,0,1]},
{"frame":113,"values":[0.0088,0.7093,0.7048,0,-0.0995,0.702,-0.7052,0,-0.995,-0.064,0.0768,0,0,0.6692,0,1]},
{"frame":114,"values":[0.0076,0.7224,0.6914,0,-0.1009,0.6884,-0.7182,0,-0.9949,-0.0643,0.0781,0,0,0.6692,0,1]},
{"frame":115,"values":[0.0064,0.734,0.6791,0,-0.1021,0.676,-0.7298,0,-0.9948,-0.0646,0.0793,0,0,0.6692,0,1]},
{"frame":116,"values":[0.0054,0.744,0.6682,0,-0.1031,0.6651,-0.7396,0,-0.9947,-0.0649,0.0803,0,0,0.6692,0,1]},
{"frame":117,"values":[0.0046,0.7521,0.659,0,-0.1039,0.6558,-0.7477,0,-0.9946,-0.0651,0.0812,0,0,0.6692,0,1]},
{"frame":118,"values":[0.0039,0.7584,0.6518,0,-0.1046,0.6485,-0.754,0,-0.9945,-0.0652,0.0818,0,0,0.6692,0,1]},
{"frame":119,"values":[0.0034,0.7629,0.6465,0,-0.105,0.6432,-0.7584,0,-0.9945,-0.0653,0.0823,0,0,0.6692,0,1]},
{"frame":120,"values":[0.0031,0.7655,0.6434,0,-0.1053,0.6401,-0.7611,0,-0.9944,-0.0654,0.0826,0,0,0.6692,0,1]},
{"frame":121,"values":[0.003,0.7664,0.6424,0,-0.1054,0.639,-0.7619,0,-0.9944,-0.0654,0.0827,0,0,0.6692,0,1]},
{"frame":161,"values":[0.0331,-0.0378,0.9987,0,-0.0257,0.9989,0.0386,0,-0.9991,-0.0269,0.0321,0,0,0.6692,0,1]},
{"frame":321,"values":[0.0264,0.9636,0.266,0,0.1062,0.2618,-0.9592,0,-0.994,0.0536,-0.0955,0,0,0.6692,0,1]},
{"frame":331,"values":[0.276,0.9205,0.2765,0,0.2557,0.207,-0.9443,0,-0.9265,0.3314,-0.1783,0,0,0.6692,0,1]},
{"frame":411,"values":[0.0331,-0.0378,0.9987,0,-0.0257,0.9989,0.0386,0,-0.9991,-0.0269,0.0321,0,0,0.6692,0,1]},
{"frame":675,"values":[0.0331,-0.0378,0.9987,0,-0.0257,0.9989,0.0386,0,-0.9991,-0.0269,0.0321,0,0,0.6692,0,1]}],"loopBehavior":1,"name":"anim","property":"_matrix"}},
{"name":"Foot_L","index":3,"matrix":[-0.0485,-0.0193,-0.9986,0,0.9726,0.2266,-0.0516,0,0.2273,-0.9738,0.0077,0,0,0.5137,0,1],"rest":[-0.0259,-0.1688,-0.9853,0,0.7705,0.6247,-0.1272,0,0.637,-0.7624,0.1139,0,0,0.5137,0,1],"parentBoneIndex":2,"length":0.1408
,"animation":{"dataType":3,"framePerSecond":60,"keys":[
{"frame":0,"values":[-0.0485,-0.0193,-0.9986,0,0.9726,0.2266,-0.0516,0,0.2273,-0.9738,0.0077,0,0,0.5137,0,1]},
{"frame":675,"values":[-0.0485,-0.0193,-0.9986,0,0.9726,0.2266,-0.0516,0,0.2273,-0.9738,0.0077,0,0,0.5137,0,1]}],"loopBehavior":1,"name":"anim","property":"_matrix"}},
{"name":"Toe_L","index":4,"matrix":[0.9999,-0.0089,-0.0077,0,0.0106,0.9658,0.259,0,0.0051,-0.2591,0.9658,0,0,0.1408,0,1],"rest":[1,0,0,0,0,0.6859,0.7277,0,0,-0.7277,0.6859,0,0,0.1408,0,1],"parentBoneIndex":3,"length":0.0858
,"animation":{"dataType":3,"framePerSecond":60,"keys":[
{"frame":0,"values":[0.9999,-0.0089,-0.0077,0,0.0106,0.9658,0.259,0,0.0051,-0.2591,0.9658,0,0,0.1408,0,1]},
{"frame":675,"values":[0.9999,-0.0089,-0.0077,0,0.0106,0.9658,0.259,0,0.0051,-0.2591,0.9658,0,0,0.1408,0,1]}],"loopBehavior":1,"name":"anim","property":"_matrix"}},
{"name":"Thigh_R.001","index":5,"matrix":[-0.9986,0.051,0.0157,0,0.0083,-0.1413,0.9899,0,0.0527,0.9887,0.1407,0,-0.2485,0.6897,-1.3854,1],"rest":[-0.991,0.0575,-0.1206,0,-0.1295,-0.1934,0.9725,0,0.0326,0.9794,0.1991,0,-0.2485,0.6897,-1.3854,1],"parentBoneIndex":0,"length":0.6692
,"animation":{"dataType":3,"framePerSecond":60,"keys":[
{"frame":0,"values":[-0.9986,0.051,0.0157,0,0.0083,-0.1413,0.9899,0,0.0527,0.9887,0.1407,0,-0.2485,0.6897,-1.3854,1]},
{"frame":61,"values":[-0.9986,0.0442,0.03,0,0.0083,-0.4264,0.9045,0,0.0527,0.9035,0.4254,0,-0.2485,0.6897,-1.3854,1]},
{"frame":62,"values":[-0.9986,0.045,0.029,0,0.0086,-0.3995,0.9167,0,0.0528,0.9156,0.3985,0,-0.2485,0.6897,-1.3854,1]},
{"frame":63,"values":[-0.9986,0.0463,0.0268,0,0.0088,-0.353,0.9356,0,0.0528,0.9345,0.3521,0,-0.2485,0.6897,-1.3854,1]},
{"frame":64,"values":[-0.9986,0.0478,0.0242,0,0.0088,-0.2997,0.954,0,0.0528,0.9528,0.2989,0,-0.2485,0.6897,-1.3854,1]},
{"frame":65,"values":[-0.9986,0.0491,0.0214,0,0.0088,-0.2431,0.97,0,0.0528,0.9688,0.2423,0,-0.2485,0.6897,-1.3854,1]},
{"frame":66,"values":[-0.9986,0.0503,0.0184,0,0.0088,-0.1849,0.9827,0,0.0528,0.9815,0.1842,0,-0.2485,0.6897,-1.3854,1]},
{"frame":67,"values":[-0.9986,0.0512,0.0154,0,0.0088,-0.1265,0.9919,0,0.0528,0.9906,0.1259,0,-0.2485,0.6897,-1.3854,1]},
{"frame":68,"values":[-0.9986,0.052,0.0124,0,0.0088,-0.0688,0.9976,0,0.0528,0.9963,0.0683,0,-0.2485,0.6897,-1.3854,1]},
{"frame":69,"values":[-0.9986,0.0526,0.0094,0,0.0087,-0.0127,0.9999,0,0.0528,0.9985,0.0122,0,-0.2485,0.6897,-1.3854,1]},
{"frame":70,"values":[-0.9986,0.0531,0.0065,0,0.0087,0.0411,0.9991,0,0.0527,0.9977,-0.0415,0,-0.2485,0.6897,-1.3854,1]},
{"frame":71,"values":[-0.9986,0.0533,0.0037,0,0.0086,0.0921,0.9957,0,0.0527,0.9943,-0.0924,0,-0.2485,0.6897,-1.3854,1]},
{"frame":72,"values":[-0.9986,0.0534,0.0011,0,0.0086,0.1396,0.9902,0,0.0527,0.9888,-0.1399,0,-0.2485,0.6897,-1.3854,1]},
{"frame":73,"values":[-0.9986,0.0534,-0.0013,0,0.0085,0.1833,0.983,0,0.0527,0.9816,-0.1835,0,-0.2485,0.6897,-1.3854,1]},
{"frame":74,"values":[-0.9986,0.0533,-0.0035,0,0.0085,0.2227,0.9748,0,0.0527,0.9734,-0.2229,0,-0.2485,0.6897,-1.3854,1]},
{"frame":75,"values":[-0.9986,0.0531,-0.0054,0,0.0084,0.2575,0.9662,0,0.0527,0.9648,-0.2576,0,-0.2485,0.6897,-1.3854,1]},
{"frame":76,"values":[-0.9986,0.0529,-0.0071,0,0.0084,0.2872,0.9578,0,0.0527,0.9564,-0.2872,0,-0.2485,0.6897,-1.3854,1]},
{"frame":77,"values":[-0.9986,0.0527,-0.0085,0,0.0084,0.3115,0.9502,0,0.0527,0.9488,-0.3115,0,-0.2485,0.6897,-1.3854,1]},
